0.872892 0.701724 -1.851030 1.029519 
1.288003 0.215270 1.088398 -0.443535 
0.876143 -1.082255 -0.641323 1.023913 
-0.312572 -0.092828 0.264814 1.080782 
0.862422 0.983528 1.627130 1.042195 
1.156467 -0.923697 -0.871492 0.478047 
0.877838 1.889343 -1.229460 1.020056 
0.505034 -0.732015 -0.186427 0.826330 
0.866987 -0.708463 -0.842354 1.031771 
0.657466 -0.915462 -1.417162 -0.372831 
0.876712 -0.523143 -0.201833 1.029383 
0.334318 0.485145 1.133869 0.697364 
0.865749 1.248971 0.236938 1.020432 
0.116619 -1.078756 -1.811372 0.669480 
0.867642 0.779936 0.572189 1.016952 
0.503591 -0.792251 -0.500436 -2.072582 
0.878768 1.770754 1.373210 1.026076 
-2.131480 1.340509 -0.751135 -0.997747 
0.874166 0.364495 1.860338 1.025244 
1.519062 -1.132895 -1.668691 -0.448671 
0.870102 -0.656523 1.206457 1.027651 
1.302953 -0.573676 -0.506690 -1.749323 
0.864569 1.262799 1.209992 1.023699 
-1.454437 1.249921 -0.980172 -0.448770 
0.863267 0.693140 -0.439989 1.033194 
0.461427 0.436865 -0.318572 -1.015552 
0.865263 1.560163 -0.951463 1.036751 
0.670922 0.572424 -1.823202 -1.034326 
0.871399 0.055575 -0.449685 1.029111 
-0.723208 0.352080 1.324770 -2.096163 
0.868534 -0.905560 0.461942 1.024338 
-1.895167 0.003290 -1.855227 -0.771932 
0.863505 1.632969 1.438304 1.030476 
-0.087313 1.008201 1.193058 -1.231325 
0.863557 1.934526 1.399274 1.032625 
-1.225308 0.678033 -0.370987 1.318866 
0.871784 0.001103 -0.176076 1.031660 
1.072675 1.151901 0.158891 1.264395 
0.870549 1.163088 -1.171307 1.027019 
-2.094923 1.305861 -0.357714 0.979032 
0.868158 -0.219888 1.033243 1.031464 
1.473036 -0.794030 -0.878511 0.679822 
0.875509 1.973074 -0.269359 1.037690 
-1.656420 -0.674748 -0.248743 -1.066595 
0.869497 -0.043027 0.964164 1.030062 
1.438819 0.556850 -0.637646 -0.450612 
0.867792 -1.280418 -1.169138 1.026802 
-0.555600 0.543373 1.168120 -2.109909 
0.862346 -0.585857 0.420247 1.029908 
-0.134447 0.111589 0.500311 1.098855 
0.874409 0.227968 -0.738568 1.016521 
0.955910 -1.447602 1.302842 -1.279209 
0.868709 -0.099406 -0.910144 1.025668 
0.260035 0.072684 1.689746 1.099174 
0.867913 -1.149266 -1.439778 1.029701 
-0.625951 1.426106 -0.731903 -0.920288 
0.879060 0.294860 -0.810276 1.029487 
-0.131825 1.341851 -0.337453 -0.628076 
0.864338 0.555555 1.759482 1.034293 
-0.906480 1.449348 -1.187005 0.456128 
0.871116 -0.680859 0.831293 1.032631 
-0.826560 -0.277561 0.017300 -1.008188 
0.867328 0.136543 1.570210 1.030861 
-0.569047 -0.279215 1.676826 1.204865 
0.868484 0.494727 -0.775458 1.021645 
0.288288 1.076580 -1.591275 0.580798 
0.869222 0.713843 -0.282372 1.035342 
0.237844 0.822293 0.050604 0.261790 
0.874448 -0.245305 -0.603121 1.031816 
-0.410534 -0.006856 1.439055 0.178220 
0.868994 -0.561976 1.775037 1.027408 
1.058913 -0.837421 -0.318960 -1.379209 
0.875196 1.244270 1.724282 1.031221 
0.800437 -1.405620 -1.165721 0.241775 
0.883239 0.631161 -0.380291 1.019682 
-0.693679 0.829005 -1.749214 -0.233828 
0.872755 -1.419361 -1.256351 1.024959 
1.131578 1.832216 -0.789702 -1.621551 
0.880232 -0.528226 1.311697 1.023019 
-1.769029 0.949780 1.442658 -1.888512 
0.869182 -0.407291 -0.955633 1.027413 
0.070978 1.663448 0.255533 -1.829434 
0.864932 -0.570502 -0.459648 1.035050 
-0.733884 1.889720 1.618477 -1.857801 
0.875668 -1.421109 -0.186027 1.035674 
1.495784 -0.021667 0.488536 -0.421996 
0.865465 -0.316643 -0.919238 1.032349 
-2.120207 0.623293 0.787926 1.242530 
0.869507 1.381803 1.726356 1.034619 
-0.024395 -0.009080 -0.016576 -1.481911 
0.875716 -0.553881 -1.175490 1.034563 
0.475618 0.377236 -1.320932 -1.560007 
0.864960 1.358051 -0.894024 1.038719 
-0.139676 1.066910 -0.044862 0.500074 
0.871836 0.882157 0.356008 1.028879 
-1.319493 1.245500 0.338907 -0.342703 
0.869664 1.747527 -1.236818 1.038511 
0.000935 0.621634 -0.620845 0.613422 
0.869924 1.620533 -0.384116 1.028709 
-2.045816 0.407213 -0.991043 1.304361 
0.866113 1.558684 0.526489 1.024910 
0.194056 0.964126 -1.691553 -0.910166 
0.865977 1.912524 0.739013 1.027649 
0.082178 1.547068 -1.211211 0.792866 
0.864199 -0.775815 -0.836327 1.031683 
-0.315265 -0.631296 1.129042 0.418404 
0.882054 0.950972 -1.621068 1.029323 
-2.042289 1.426804 0.476745 0.392772 
0.874967 1.570446 -0.405034 1.028657 
-1.457990 1.874418 -0.313495 -1.020020 
0.876413 0.625576 -0.415794 1.032014 
0.277477 1.381527 -0.243243 0.928763 
0.869413 -0.265898 0.518257 1.031998 
-0.160507 1.879713 -0.734592 0.842636 
0.867378 -0.570231 1.015935 1.024332 
1.101221 0.883818 -0.710581 -1.601200 
0.871806 -0.021589 0.791668 1.029679 
0.502807 -1.019142 0.295349 -1.882880 
0.860449 0.326598 -0.442295 1.032122 
1.201424 -1.467706 0.078625 0.665057 
0.863475 1.103213 -0.612108 1.026920 
-0.523894 -1.155793 -1.559653 1.018523 
0.862923 0.795466 -1.861171 1.032464 
0.931195 -0.550227 0.714824 -1.583556 
0.871442 -0.037153 1.185911 1.017333 
-0.251827 -1.405796 0.681406 -1.324276 
0.873050 0.254184 -1.725810 1.034099 
0.501125 1.024066 1.779903 -1.047682 
0.870486 0.653972 0.711345 1.032183 
0.211479 0.810577 -0.054031 1.148126 
0.859695 0.808227 0.300008 1.029352 
-1.977235 -1.577227 0.563209 1.021276 
0.866002 1.198802 -1.350445 1.016744 
-0.742159 0.481688 1.767293 0.692728 
0.879469 1.237560 0.779145 1.035502 
-0.234035 1.978338 -0.594897 0.026879 
0.869933 -0.646784 -1.787967 1.029058 
-1.607043 -1.271304 -1.655689 -1.745386 
0.866162 1.276220 -0.346506 1.024653 
-0.362078 1.455836 -0.811472 -2.142846 
0.866658 0.470048 -1.233665 1.024364 
1.185314 -0.901524 0.883110 -1.089653 
0.875576 0.044624 -0.619692 1.030843 
0.936763 -1.439124 -0.305121 0.308282 
0.880128 -0.979822 0.291625 1.031538 
0.943136 -0.241416 0.894235 0.275696 
0.863069 0.566668 1.720042 1.023996 
0.425650 -0.537713 1.514397 -1.237297 
0.868348 1.268490 -0.223038 1.026051 
1.266914 1.358586 0.588361 -0.095242 
0.873866 -1.421901 1.293755 1.023132 
-1.959942 -1.523817 -0.279159 -0.785479 
0.869255 0.733870 1.725326 1.024304 
-1.211198 -1.349445 0.053901 -0.975554 
0.875917 -1.540820 -1.270707 1.035082 
0.675183 -0.380880 1.794972 0.109238 
0.869648 -0.801326 -0.519568 1.030166 
-0.591935 1.989469 -0.844893 -0.737609 
0.857601 1.894326 -0.413286 1.020769 
-1.230431 1.265794 0.538015 -1.388795 
-0.992461 1.585216 -0.403063 0.623798 
-0.798459 0.223761 -0.963725 -0.270051 
0.920257 -0.089726 0.643942 -2.196374 
-0.771164 1.865267 -0.396708 -1.188311 
0.316143 0.776247 1.113496 -0.610450 
-1.894531 -0.900828 -0.424919 0.228063 
0.775836 -0.564980 -0.825450 1.152911 
-1.040612 0.101840 0.797321 1.126830 
0.856010 0.373590 -1.110879 -2.113211 
-1.994193 -0.975681 1.269324 -1.808742 
-1.360180 0.596686 -1.729753 -0.177597 
0.619609 -0.926792 -1.232872 -1.333315 
-0.338674 -0.341449 -0.232415 0.492637 
-1.464452 -1.022224 1.336764 1.054506 
-0.283843 1.232703 -0.443116 -1.868812 
1.186376 -0.814856 -0.864523 -1.120498 
-0.442233 1.663767 -1.165598 -1.303974 
1.342454 0.043497 -0.206849 -1.566898 
0.812002 -1.498950 1.215404 -1.406064 
-1.327087 0.883953 -0.747692 -1.522448 
0.757942 -0.940253 0.910274 0.525010 
-1.440298 -0.936497 0.905923 0.492732 
1.150361 -0.908811 0.913791 0.506168 
-0.476786 -0.940500 0.855684 0.526427 
1.277864 -0.935759 0.931876 0.513762 
-1.020526 -0.949623 0.905469 0.546839 
1.439283 -0.925091 0.882014 0.506473 
-1.024820 -0.935922 0.928433 0.520422 
-1.135512 -0.944986 0.910394 0.535573 
0.924986 -0.905470 0.931471 0.515596 
0.342735 -0.928654 0.909412 0.501197 
0.036851 -0.913823 0.905297 0.508393 
-1.678883 -0.925030 0.899425 0.520163 
-1.343460 -0.927368 0.928286 0.507282 
-1.357569 -0.965908 0.913959 0.494263 
0.200040 -0.939159 0.885916 0.520798 
0.708533 -0.912559 0.877958 0.528450 
0.618095 -0.946443 0.891236 0.496210 
1.313759 -0.928533 0.911157 0.502768 
-0.401911 -0.957536 0.909700 0.478998 
-1.995017 -0.935040 0.921884 0.507135 
0.543867 -0.945379 0.903340 0.522191 
-1.885888 -0.926450 0.881761 0.541076 
0.748046 -0.942738 0.907035 0.520304 
-0.963057 -0.915447 0.921451 0.508316 
-2.030844 -0.904243 0.937830 0.524776 
-2.090840 -0.944847 0.869242 0.518410 
0.065487 -0.948602 0.890246 0.493692 
-1.610031 -0.905675 0.845099 0.506755 
-1.989090 -0.928707 0.904858 0.543297 
1.053489 -0.949578 0.928881 0.542837 
-0.778402 -0.957728 0.897253 0.541658 
0.082427 -0.958818 0.928231 0.549667 
0.311963 -0.911317 0.915374 0.519737 
0.137539 -0.958484 0.923340 0.530875 
-1.679703 -0.952959 0.890782 0.546595 
-0.542909 -0.923462 0.893211 0.504107 
-0.335062 -0.931446 0.898757 0.508546 
-0.701976 -0.934996 0.881453 0.513554 
-0.178886 -0.948382 0.897557 0.492709 
-1.882194 -0.951928 0.895738 0.534555 
-0.181834 -0.933191 0.899195 0.500764 
-1.222961 -0.929836 0.887831 0.500008 
-0.879428 -0.922994 0.915116 0.486616 
-1.274826 -0.972626 0.926683 0.525838 
0.628642 -0.952022 0.906153 0.535813 
1.289858 -0.922330 0.926059 0.506707 
0.393229 -0.919243 0.895657 0.524662 
0.566446 -0.933960 0.900599 0.513735 
-1.812564 -0.952570 0.916422 0.539077 
1.361338 -0.933047 0.912121 0.504417 
-0.404745 -0.920321 0.896508 0.519127 
-1.047988 -0.925143 0.897739 0.539737 
0.443802 -0.949237 0.912904 0.534577 
-0.681429 -0.920935 0.881314 0.496560 
-0.994953 -0.940093 0.905621 0.518548 
-1.165969 -0.956182 0.911637 0.517077 
1.204968 -0.935024 0.901263 0.512751 
1.070275 -0.941519 0.882551 0.544617 
0.751633 -0.949052 0.878477 0.522406 
1.150700 -0.956608 0.880414 0.536105 
0.082596 -0.931024 0.889368 0.536718 
0.304204 -0.932477 0.917280 0.504841 
0.354001 -0.921881 0.905503 0.536849 
0.633804 -0.925869 0.900386 0.538304 
-0.462821 -0.958184 0.910187 0.500825 
0.063560 -0.958850 0.920133 0.518572 
-1.590623 -0.961842 0.924186 0.518983 
-2.147910 -0.943211 0.917044 0.533842 
0.444891 -0.958120 0.914105 0.533001 
0.041174 -0.895434 0.904252 0.514757 
1.346534 -0.940005 0.911416 0.482297 
-0.246508 -0.933576 0.909215 0.524463 
-1.631785 -0.949643 0.883570 0.528839 
-0.624335 -0.941903 0.924589 0.538921 
1.120711 -0.905317 0.888834 0.529440 
-0.601720 -0.943395 0.912305 0.503000 
-0.010332 -0.959940 0.881796 0.515216 
-0.736637 -0.925941 0.899281 0.494334 
0.375333 -0.962462 0.906689 0.504258 
0.282744 -0.953085 0.910447 0.514994 
-1.888696 -0.941791 0.863572 0.502716 
-0.459199 -0.953595 0.911550 0.490403 
1.458893 -0.943450 0.905575 0.545141 
-0.823245 -0.929806 0.927805 0.544360 
-1.106634 -0.916260 0.923489 0.522744 
0.158777 -0.914942 0.887915 0.535874 
-0.638033 -0.947933 0.910880 0.513287 
0.639565 -0.886672 0.915703 0.510300 
1.512936 -0.924501 0.909745 0.517359 
0.882791 -0.928260 0.913019 0.500338 
-1.612077 -0.912932 0.892495 0.512104 
0.987743 -0.948300 0.856023 0.510250 
-2.000213 -0.935037 0.930107 0.497321 
1.331803 -0.931401 0.904672 0.506316 
0.383380 -0.912648 0.897367 0.537482 
1.206457 -0.928760 0.905416 0.519079 
1.422084 -0.943338 0.906387 0.506272 
-0.500085 -0.931597 0.912334 0.501156 
0.103726 -0.966483 0.878879 0.518245 
1.295181 -0.942167 0.903588 0.494985 
-1.008115 -0.915711 0.905988 0.526682 
0.294481 -0.951633 0.891881 0.515199 
1.341818 -0.925456 0.908125 0.507795 
-1.367416 -0.943849 0.887303 0.529173 
1.412352 -0.956525 0.886367 0.524410 
-1.143213 -0.924625 0.863040 0.540943 
-1.830975 -0.931727 0.903094 0.526866 
0.480746 -0.963824 0.888311 0.505924 
-0.406356 -0.951069 0.897361 0.506690 
-0.139632 -0.919076 0.883748 0.503411 
0.919921 -0.950361 0.921403 0.516600 
-0.365374 -0.932016 0.898947 0.522447 
0.364876 -0.946771 0.930531 0.510725 
-1.561204 -0.939583 0.932469 0.508686 
-0.375281 -0.947002 0.905199 0.491198 
0.914274 -0.908415 0.895966 0.536842 
-0.977380 -0.913138 0.891941 0.516538 
1.127445 -0.947031 0.894275 0.529468 
-1.913098 -0.932920 0.920159 0.531401 
-1.076914 -0.995791 -1.821390 -1.776399 
0.467205 0.991873 -0.248652 -1.005639 
-0.638378 1.465414 -0.818301 0.751093 
-1.291842 0.514015 1.247066 1.112136 
-2.109420 -0.513246 1.312621 -0.995663 
1.066023 -0.897258 -0.160136 -1.769859 
0.420773 0.996676 1.543352 -0.172653 
-0.048154 -0.059507 1.022803 0.329782 
-1.808579 -0.315306 -0.906786 -2.156296 
1.033036 1.475172 -0.011644 -0.488413 
-0.539289 -0.189009 0.158896 -1.762557 
-1.701807 0.246061 0.340866 -0.962370 
-1.282196 0.241060 1.319118 -0.472958 
-1.417425 -0.958905 -0.443075 -0.419447 
-0.751933 -1.554329 -1.042040 -0.022028 
-1.064666 -0.058247 -1.688265 -0.965359 
0.527442 1.278552 1.766083 0.393113 
-0.099397 -0.375693 1.339897 -0.367900 
0.026032 -0.623663 -0.506677 -1.931165 
-0.413492 -0.649713 -0.368667 -0.741355 
-2.122678 -0.128196 -0.152975 0.757250 
0.119443 -0.443409 1.784900 -1.338102 
-1.593832 -0.130046 -1.788530 0.200468 
0.710375 0.841834 1.060910 1.111468 
0.712013 0.384136 -0.946415 -1.442865 
-0.099985 -0.283424 0.104528 1.248353 
-1.073912 -0.851432 1.697871 0.553377 
1.093819 1.134690 -0.178895 1.027178 
-2.015836 -0.146837 0.600814 -1.624166 
-0.738116 -1.029200 -0.801354 0.223304 
-0.483520 -0.256256 0.655283 -2.028945 
-1.163909 -1.293664 -0.664120 0.490498 
-1.817431 -0.929604 -0.644159 -0.636227 
1.542311 -0.073455 1.025566 -1.868958 
-0.753853 1.037850 0.527179 -0.182908 
1.366618 1.971587 -0.753929 -1.629502 
-1.115951 -0.115423 -1.194752 -1.897980 
0.347942 -1.047336 1.336367 -0.425767 
0.199741 1.872151 -1.100848 0.434190 
-0.325319 1.674899 -0.109274 -0.344188 
0.447067 1.474159 0.274680 -1.392180 
-0.204020 1.898775 0.311224 -0.782794 
-1.756764 1.277528 -0.285718 0.876053 
-2.077174 0.244725 -0.796659 -0.909279 
-1.592389 0.483819 0.451053 -1.357592 
1.534123 0.403607 0.713506 1.107491 
1.457419 0.195363 -0.977401 0.248701 
0.872712 -0.262065 0.440751 1.248063 
1.379627 -0.415054 -1.861821 -1.294964 
0.022327 -0.878539 -0.065930 -2.153745 
0.210535 0.968014 -1.314405 -1.526428 
0.209429 -1.096703 -1.330516 -0.831511 
0.211749 0.117232 -1.351710 -1.924864 
0.188757 -0.532766 -1.328217 0.080610 
0.204226 0.562217 -1.317487 -0.305689 
0.197868 -0.198558 -1.360581 -0.099458 
0.218549 1.139650 -1.320838 -1.049050 
0.204902 -0.372095 -1.348196 0.172683 
0.211284 0.984386 -1.343536 1.197067 
0.204425 0.637083 -1.341693 -1.188587 
0.202791 0.550698 -1.322686 1.072166 
0.202718 1.911349 -1.369886 -0.432270 
0.215119 0.545360 -1.338556 -0.425285 
0.198713 1.613399 -1.344539 -1.829293 
0.200083 -1.318926 -1.338981 -1.781731 
0.205576 1.818107 -1.348779 0.703637 
0.209132 0.757571 -1.332658 -0.501576 
0.211433 -0.707531 -1.347944 -1.476631 
0.204190 1.111152 -1.351268 0.950832 
0.209100 0.562214 -1.356990 -0.059213 
0.208368 1.528224 -1.342382 -1.500724 
0.214202 1.353821 -1.359181 -0.422849 
0.203199 0.570696 -1.335313 -1.399790 
0.232776 -0.110268 -1.340385 -1.039804 
0.212664 1.754021 -1.333477 -1.688031 
0.212389 1.361684 -1.349388 0.554257 
0.208129 1.427870 -1.334003 1.334891 
0.204001 -0.754928 -1.356788 -1.655162 
0.209143 -1.483669 -1.353809 0.291152 
0.187925 0.730845 -1.337507 -0.902473 
0.213207 0.227548 -1.354282 -0.776830 
0.211733 -1.003416 -1.356685 -0.106533 
0.210949 -0.863532 -1.357501 -1.322471 
0.206717 -0.045528 -1.340255 -0.898345 
0.211479 1.464569 -1.331377 0.692333 
0.206388 1.691116 -1.340525 -0.050488 
0.194989 -0.092636 -1.357927 0.966911 
0.201633 -1.122651 -1.335846 -0.103756 
0.210796 0.234920 -1.334592 -0.934183 
0.207720 -1.326464 -1.344792 -0.662560 
0.210488 0.535687 -1.348213 -0.139146 
0.213337 -1.399667 -1.347236 -0.913094 
0.214302 0.016028 -1.321507 -0.045916 
0.217933 1.322918 -1.353401 -0.775753 
0.190044 0.527225 -1.355070 -1.707102 
0.189334 1.119079 -1.326266 -1.453556 
0.204576 -0.435566 -1.352186 -0.990571 
0.203036 0.495134 -1.331794 -1.982520 
0.221785 -0.376919 -1.338533 -0.078036 
0.202735 0.640010 -1.351090 -1.644406 
-2.120806 0.745168 -0.343836 -1.222882 
1.028360 1.041709 1.834099 -1.743706 
0.609324 -0.345315 -1.317894 1.314242 
1.331791 0.950392 0.732575 -0.614377 
-0.430428 -0.447709 -0.886729 -0.364692 
1.184009 1.444880 -1.394510 -1.364649 
0.397302 -0.118419 0.544231 -0.813206 
0.541182 -1.118269 1.062979 -2.152152 
0.757053 -0.032562 -0.177476 -0.955235 
-0.488497 0.374940 0.745010 0.976231 
-0.950500 -0.510027 1.014615 0.298656 
-0.849655 -0.562261 -0.477427 -0.295589 
-2.042526 1.694318 -0.176671 -0.183048 
-1.484316 -0.206556 -0.235920 -0.728421 
-0.636823 -1.420511 0.124010 0.151003 
-0.404578 0.858429 0.283398 -1.149561 
-2.120353 -0.382376 -1.855832 -1.737359 
0.942940 1.982281 0.108172 -1.957538 
-0.588975 0.670938 -0.926220 0.480678 
-1.469426 0.454741 -0.303662 0.575625 
-1.326549 0.058811 0.328383 -0.082330 
-0.323528 0.025296 -0.842231 -0.167248 
1.326053 1.905742 -1.623414 -1.262656 
-1.202643 0.475607 1.534969 -1.950250 
0.210536 0.845584 -1.808474 -1.869026 
-0.509544 -1.443920 -1.332521 0.563641 
-1.511426 0.023913 0.976588 -0.359010 
-2.145062 -0.296180 1.371408 -1.815492 
-1.774379 1.523134 1.695419 0.109163 
-0.649412 -0.442724 0.474153 1.267807 
1.349868 -0.318814 -0.847647 -1.548575 
-0.046319 1.836117 1.623458 -1.990820 
-0.516876 -0.778651 0.469192 -0.528161 
-1.407998 0.796406 -1.659034 0.864608 
-0.733837 1.867389 1.736558 1.207035 
-1.184024 0.644184 0.452965 0.875130 
0.334953 -0.060232 0.227907 0.681498 
0.665499 0.267425 0.002136 0.534089 
0.418915 0.265213 -1.018710 0.145944 
-0.247897 1.662454 -0.814241 0.562824 
1.149857 0.498551 0.921192 -1.971632 
-0.402546 1.342054 -0.632742 0.707838 
-0.068990 1.411347 -1.501697 -0.671943 
-1.250776 0.593203 -0.200550 -2.024803 
-0.051196 0.321869 0.241839 -1.008407 
-0.236643 0.975051 0.344239 -1.946784 
0.274389 1.968424 1.177245 0.362717 
0.837013 0.467759 0.702250 0.675873 
-2.149016 0.806259 0.261703 -0.735746 
0.054668 0.180831 -1.697481 -2.090638 
0.802405 -0.709123 -0.579170 -0.634391 
-1.023528 -1.139013 -0.581898 0.102374 
-0.441001 0.125699 -0.581701 -1.661605 
-1.887250 1.818464 -0.580065 -1.759446 
-0.211723 1.247590 -0.582592 0.113830 
0.457488 0.638225 -0.580560 -1.248310 
-0.914351 -1.551506 -0.581831 -0.830730 
1.285646 1.129632 -0.579963 -0.938858 
1.251015 -0.164426 -0.583313 0.840066 
1.404807 -0.088698 -0.581721 -0.761506 
1.439386 0.084180 -0.583367 -1.347166 
0.276732 -0.490443 -0.578458 0.581783 
0.765940 1.491810 -0.582846 -0.114909 
0.170330 1.535535 -0.579266 0.714984 
0.967198 0.691104 -0.583988 -0.011788 
-1.354282 1.745227 -0.579459 -0.980236 
-0.959524 -0.175449 -0.581601 0.057054 
-1.500410 -0.008466 -0.577322 -0.687712 
-0.252273 -1.434052 -0.580469 1.169059 
1.159875 0.809154 -0.582966 -1.848729 
0.322660 -1.401542 -0.585748 0.020401 
-2.112060 0.947266 -0.581033 -1.249620 
-1.320419 0.221475 -0.583269 -1.760955 
-1.256224 1.405803 -0.580743 1.371137 
0.325751 -0.546962 -0.580254 -1.071276 
0.466328 -0.106127 -0.579921 0.881745 
-0.172647 0.552067 -0.583646 0.797087 
0.964215 -1.430619 -0.581273 0.200726 
-0.819759 0.876348 -0.582961 -0.127998 
1.368488 -1.210405 -0.581821 -0.195667 
0.446653 1.947162 -0.582024 -1.838909 
1.493899 1.512605 -0.581676 -0.218264 
1.015641 0.019245 -0.582218 -1.266000 
-2.129380 -0.383885 -0.582450 0.391438 
-1.916436 0.649746 -0.581231 -0.040432 
0.881616 0.365990 -0.581278 1.124870 
-0.205119 0.416086 -0.582054 -1.999106 
0.458241 -0.227602 -0.581769 -1.182923 
1.540507 1.426293 -0.582108 -1.249057 
-0.898122 1.802408 -0.585148 0.277366 
0.050303 -0.517768 -0.582124 -1.545595 
-1.896675 1.964932 -0.579417 -1.367137 
-1.785199 1.145212 -0.580698 0.527651 
-0.156082 -0.659852 -0.583709 -1.293901 
0.647247 1.409862 -0.582436 -1.358206 
-0.889845 1.242593 -0.582758 1.123404 
0.453636 -0.821231 -0.584815 -2.026828 
-1.756030 0.273226 -0.579893 -1.061297 
-0.750240 -1.154216 -0.580658 -1.090978 
-0.080786 0.590488 -0.583624 -0.450682 
