-0.464412 -0.455094 -1.081511 0.713020 -0.421875 -0.918522 -0.201535 0.638850 
0.986062 -0.448225 -1.109377 0.687476 0.946630 1.551597 -0.614145 -0.689374 
-1.830843 -0.464329 -1.105674 0.715772 1.008998 -0.691991 -1.174123 0.404894 
0.967815 -0.469530 -1.089026 0.703203 0.573466 -0.318024 -1.410741 1.631660 
1.739320 -0.471947 -1.085292 0.712860 0.453545 -0.189432 0.918909 -0.859997 
1.613359 -0.470494 -1.079339 0.689235 1.020001 2.427558 0.718890 -0.097697 
-1.415195 -0.482716 -1.077643 0.700089 1.267522 1.289404 0.550874 -1.296896 
-1.095257 -0.456178 -1.091888 0.714881 -1.233372 0.358896 0.103882 -0.305131 
0.109751 -0.470645 -1.080429 0.705813 1.162633 -0.061328 0.432038 0.479599 
0.450028 -0.452495 -1.067046 0.706097 -0.355417 2.366382 1.261385 0.089748 
0.397365 -0.467781 -1.079508 0.695546 -0.327305 0.737849 -1.665749 1.672178 
1.537298 -0.455606 -1.105961 0.706374 -0.275517 -0.911311 -0.991713 -1.239026 
1.691443 -0.480085 -1.099100 0.694013 0.813066 2.363449 -1.515758 -0.438829 
0.269961 -0.452765 -1.093653 0.707399 -0.996316 1.793409 0.290096 -0.028726 
0.296482 -0.445653 -1.079356 0.720995 0.648008 0.199599 -1.451775 0.370775 
0.086166 -0.477416 -1.094653 0.718609 -0.847984 -0.913111 -1.388482 1.110232 
-0.184820 -0.463765 -1.075297 0.694079 1.447146 0.067183 -0.340223 1.255661 
0.810067 -0.468709 -1.099542 0.707070 0.722409 2.371555 0.523931 -1.714899 
-0.581142 -0.450872 -1.090422 0.698729 0.616975 1.940712 -1.129193 1.167097 
1.376341 -0.459867 -1.087108 0.724787 0.967032 0.419785 0.490167 -1.499621 
0.722850 -0.466459 -1.098110 0.719188 1.514435 1.378476 -0.107268 -1.021476 
-1.487456 -0.472847 -1.083967 0.689174 0.543604 1.031505 0.698990 0.735203 
-0.049777 -0.476451 -1.097286 0.713697 0.692247 -0.360039 -0.606527 -0.481023 
0.216633 -0.445839 -1.113194 0.694832 1.121563 1.577191 -0.110437 -1.088743 
0.600793 -0.472382 -1.100739 0.702993 0.108640 -0.039422 -0.167664 -0.907193 
-0.036433 -0.452115 -1.098621 0.689175 0.351439 2.213540 -0.918050 1.789265 
-0.677136 -0.450179 -1.078418 0.685870 1.213724 0.653449 1.537581 -1.438202 
1.590914 -0.473996 -1.102283 0.718811 -1.094375 0.810331 0.092015 0.317726 
0.106340 -0.453285 -1.076685 0.724162 -0.677070 2.389394 -1.139921 -0.329877 
-0.918426 -0.462979 -1.102456 0.708781 -0.269730 0.141055 0.652760 1.504032 
0.124735 -0.469855 -1.078963 0.711372 -1.309161 2.086487 -0.904770 -1.505509 
0.955677 -0.476741 -1.096120 0.685061 -1.280213 2.016511 -1.292918 0.599931 
-0.919098 -0.466756 -1.098363 0.730506 0.186042 1.435699 1.346700 0.746534 
0.648289 -0.487021 -1.090127 0.703219 -1.096095 1.971872 1.099848 -0.606222 
1.075610 -0.458569 -1.089121 0.700562 1.289155 0.897014 1.601893 0.154485 
0.699802 -0.466444 -1.102529 0.707736 -0.712989 1.323763 -0.116096 0.160270 
-1.726742 -0.469123 -1.091555 0.715612 1.134795 0.864038 0.239576 -0.122068 
-0.474049 -0.466174 -1.070977 0.704459 -0.927362 0.576378 0.996392 1.615942 
0.056776 -0.466255 -1.090319 0.710600 1.287590 0.748472 0.793910 -0.315106 
0.192488 -0.469618 -1.076786 0.711213 0.834590 -0.337937 0.678795 0.770078 
1.388139 -0.474500 -1.098723 0.720312 -0.945028 -0.064846 0.684927 -1.519506 
-1.708953 -0.454884 -1.089373 0.686265 0.493124 1.443605 -1.329323 -0.399352 
0.721416 -0.460615 -1.081914 0.692649 1.372826 -1.328893 -1.505806 -0.037869 
-0.261456 -0.468981 -1.077563 0.692800 -0.493485 0.071148 -1.682803 0.830999 
-1.729511 -0.455252 -1.088699 0.701330 0.724509 -1.160693 -0.209656 1.518722 
1.331514 -0.462821 -1.084967 0.698103 -0.022173 -0.693258 -0.969893 1.239762 
0.736127 -0.478767 -1.080926 0.702267 1.346235 -1.224508 -1.641411 0.327876 
1.346485 -0.457337 -1.097005 0.702320 -1.030063 -1.036237 -0.702833 0.698703 
-1.311386 -0.473593 -1.078134 0.719339 -0.913866 -0.925143 -0.987181 -0.188993 
1.047025 -0.483268 -1.086565 0.690509 0.964777 0.789057 -0.220363 0.635412 
-0.342206 -0.471301 -1.096501 0.708700 -1.457639 -0.133724 -0.762185 -0.863067 
-1.544089 -0.464781 -1.069134 0.706959 -1.457944 -0.139221 -0.081066 -0.738534 
-0.243218 -0.461271 -1.088767 0.687820 -1.452859 -0.144080 -0.001025 1.606457 
-0.556613 -0.474478 -1.105956 0.715770 -1.458563 -0.151924 1.136648 1.205931 
-1.697523 -0.455669 -1.082562 0.700408 -1.464331 -0.138276 1.423220 -0.305699 
0.027121 -0.456406 -1.106673 0.703054 -1.461489 -0.135296 0.589275 -1.011094 
-0.221116 -0.474133 -1.083951 0.699531 -1.461137 -0.141694 -0.027521 -1.017020 
1.441283 -0.450947 -1.095368 0.694122 -1.458167 -0.136954 0.930849 0.336409 
-1.695955 -0.467066 -1.088409 0.717207 -1.453793 -0.138908 1.599787 -0.181909 
-1.915945 -0.459457 -1.065795 0.704114 -1.458278 -0.140356 -1.093386 0.946699 
1.488746 -0.465510 -1.092849 0.712715 -1.454433 -0.132628 -1.223636 -1.301055 
-1.678724 -0.467620 -1.085336 0.716318 -1.460418 -0.141611 0.924042 0.224289 
-0.939983 -0.466412 -1.089716 0.715771 -1.460727 -0.142707 1.322103 0.293408 
-0.680400 -0.472942 -1.070303 0.696651 -1.457251 -0.137708 1.285956 1.240555 
0.300986 -0.473780 -1.083266 0.712751 -1.463363 -0.136601 1.228187 -0.547996 
-0.446357 -0.471080 -1.068293 0.710759 -1.460910 -0.142710 0.797386 1.644754 
-1.714540 -0.475099 -1.096173 0.674776 -1.458870 -0.138323 0.599286 1.151205 
1.045843 -0.469936 -1.093516 0.700741 -1.458422 -0.140516 1.310830 0.323461 
-1.654195 -0.459200 -1.082288 0.709009 -1.463536 -0.141794 1.304984 0.292212 
-1.060728 -0.432939 -1.094147 0.703038 -1.457505 -0.126658 -0.545548 -0.851195 
-0.669527 -0.469293 -1.076913 0.708687 -1.459281 -0.149423 0.084259 0.750799 
-0.356412 -0.461020 -1.097463 0.729251 -1.450389 -0.137570 0.743060 1.371023 
-1.302834 -0.464356 -1.107603 0.707959 -1.452752 -0.140643 0.489160 1.232216 
1.280408 -0.467990 -1.087700 0.707870 -1.457770 -0.130729 -0.107258 1.598230 
-0.493739 -0.460909 -1.083375 0.698423 -1.457958 -0.144235 -0.057122 0.741003 
1.426225 -0.463194 -1.075858 0.694194 -1.460930 -0.137741 0.755075 -0.222237 
-0.967304 -0.446210 -1.096495 0.696725 -1.455119 -0.143505 1.081783 1.440339 
1.114423 -0.503765 -1.080840 0.696476 -1.463664 -0.139253 0.551370 -0.632636 
0.312041 -0.479925 -1.089231 0.698736 -1.461602 -0.145388 1.149662 1.558352 
1.512961 -0.457787 -1.082350 0.695420 -1.464426 -0.134112 1.008051 -1.461094 
-0.334797 -0.461032 -1.105152 0.711526 -1.463316 -0.134853 0.122450 0.246006 
-1.761549 -0.463969 -1.093812 0.703806 -1.459409 -0.142218 0.656213 0.742014 
-0.860297 -0.444292 -1.076285 0.717118 -1.458752 -0.139309 -0.392148 1.547896 
0.295376 -0.466328 -1.073459 0.718292 -1.459657 -0.138210 1.449943 -0.405352 
-0.856089 -0.462248 -1.080766 0.696469 -1.459220 -0.133182 -0.408278 1.053079 
1.758922 -0.461464 -1.088811 0.689951 -1.453655 -0.142584 1.211993 0.378554 
1.517305 -0.463862 -1.090340 0.689685 -1.458230 -0.134662 0.755596 1.029215 
1.174455 -0.474454 -1.097648 0.700614 -1.459419 -0.138261 0.005894 1.068480 
-1.738569 -0.476401 -1.090644 0.700097 -1.458146 -0.134313 -1.447304 1.499203 
1.677412 -0.454026 -1.097610 0.707978 -1.458103 -0.140418 0.483489 1.518683 
0.272803 -0.448158 -1.088631 0.704222 -1.463547 -0.136305 -1.024447 -0.009544 
-1.411700 -0.465969 -1.106712 0.691573 -1.456678 -0.138304 -1.665681 -1.725185 
-1.568217 -0.470681 -1.080545 0.693323 -1.459776 -0.142693 0.150593 -0.003225 
-1.015593 -0.457876 -1.096437 0.707432 -1.456952 -0.140993 -0.203566 -0.136327 
1.421794 -0.480857 -1.093757 0.710314 -1.455110 -0.142074 0.766020 -0.727821 
0.201261 -0.461109 -1.087403 0.713982 -1.463500 -0.145716 1.246287 0.284879 
-0.151286 -0.468720 -1.088000 0.698266 -1.462178 -0.140022 0.509996 0.184820 
-1.134374 -0.456584 -1.100658 0.706718 -1.465154 -0.140223 -1.098992 -0.659399 
1.785064 -0.466511 -1.091613 0.702036 -1.460970 -0.140245 1.255162 1.772095 
0.850540 -0.449608 -1.098339 0.701719 -1.458777 -0.137730 -1.404398 1.351696 
-1.700026 -0.463182 -1.090293 0.683985 -1.462721 -0.142366 1.189155 1.150089 
-0.784177 -0.454017 -1.077769 0.690459 -1.457614 -0.130249 1.306347 0.105823 
-1.884944 -0.464179 -1.096390 0.716565 -1.462040 -0.141585 -0.176597 -0.119472 
-1.539216 -0.473050 -1.076486 0.684919 -1.457225 -0.132826 -1.441921 -0.622348 
-1.633297 -0.465105 -1.103789 0.704839 -1.460306 -0.133528 0.339108 0.416244 
0.448593 -0.458499 -1.100448 0.717947 -1.459352 -0.136238 -0.267744 0.836878 
-1.131601 -0.452916 -1.115184 0.697822 -1.460030 -0.136133 -0.083581 -1.059405 
-1.446194 -0.448632 -1.067039 0.716238 -1.458746 -0.137451 -1.680463 -1.548677 
-0.911080 -0.445543 -1.084089 0.701745 -1.462991 -0.141872 -0.346961 0.622023 
1.580159 -0.497932 -1.097895 0.683816 -1.457931 -0.146085 0.918187 -0.390747 
-1.498356 -0.469344 -1.082519 0.690814 -1.461035 -0.137783 0.925216 0.611503 
0.479559 -0.462622 -1.098695 0.706264 -1.457988 -0.142299 -0.820615 -1.180797 
-0.455506 -0.457528 -1.103421 0.706977 -1.457885 -0.139472 -0.489466 0.507689 
-0.905699 -0.465721 -1.094366 0.714911 -1.455115 -0.133467 -1.166561 0.299813 
0.029998 -0.466545 -1.079819 0.718177 -1.457772 -0.134270 -0.588476 1.501175 
0.865258 -0.467063 -1.081865 0.701787 -1.456520 -0.142931 -1.483054 -0.622432 
-0.800738 -0.473583 -1.076699 0.707267 -1.463505 -0.147201 -0.383359 -0.549793 
-0.321739 -0.473007 -1.083847 0.704609 -1.457934 -0.141087 -1.597184 -1.619045 
0.974809 -0.453497 -1.065061 0.718509 -1.454668 -0.141768 1.321067 1.696093 
-1.090018 -0.464132 -1.088536 0.711731 -1.461687 -0.137647 0.758964 -0.331320 
0.109318 -0.449371 -1.085604 0.708995 -1.459211 -0.138272 0.274229 -0.751092 
0.282015 -0.469732 -1.092091 0.691796 -1.457227 -0.140118 0.656232 0.498020 
1.218730 -0.468063 -1.077977 0.718161 -1.461205 -0.143061 -0.969352 -0.040339 
1.736968 -0.462000 -1.091411 0.714770 -1.459734 -0.139693 -0.118836 1.468740 
1.557760 -0.470342 -1.085547 0.717391 -1.458697 -0.140859 -0.921379 -1.217615 
0.156442 -0.465653 -1.099385 0.682320 -1.461914 -0.143538 1.596474 1.166378 
-0.489727 -0.467362 -1.084695 0.712918 -1.458963 -0.143980 -0.298364 1.168998 
0.406947 -0.471945 -1.069265 0.706707 -1.459385 -0.140445 -0.856922 0.641987 
1.764159 -0.470501 -1.095724 0.683681 -1.458479 -0.150382 -1.643064 -1.740337 
-1.323905 -0.475930 -1.075517 0.724943 -1.460623 -0.137011 -0.377606 -0.656368 
-1.108040 -0.474305 -1.096977 0.717291 -1.461127 -0.140886 -0.681335 0.739906 
0.710500 -0.478649 -1.102322 0.711991 -1.459899 -0.137479 -0.394953 0.537871 
-0.938060 -0.449039 -1.112153 0.697062 -1.453769 -0.139317 0.798368 -1.662454 
-0.101340 -0.460957 -1.095622 0.689776 -1.465233 -0.143509 -1.487430 1.807535 
1.165011 -0.482541 -1.086181 0.702515 -1.461429 -0.137491 0.264385 0.384305 
-1.873476 -0.473980 -1.082277 0.695454 -1.462080 -0.145006 -0.060915 -0.847291 
-1.358515 -0.479233 -1.110002 0.715676 -1.463713 -0.142564 -1.334282 -1.370553 
-1.588790 -0.471112 -1.084041 0.702977 -1.454879 -0.146504 -0.995808 -1.121879 
0.467346 -0.473243 -1.093406 0.728345 -1.465421 -0.143202 0.228728 -0.848734 
-0.677024 -0.467270 -1.100131 0.687504 -1.458673 -0.134613 -0.167618 0.963906 
-0.310203 -0.480607 -1.098191 0.705223 -1.461074 -0.136385 0.752162 -1.053745 
-0.778010 -0.469988 -1.101411 0.715222 -1.456835 -0.134486 -1.380742 -1.380049 
-1.432720 -0.464344 -1.081553 0.707677 -1.462999 -0.145853 0.062481 1.196989 
0.392277 -0.452372 -1.100054 0.712142 -1.457630 -0.138038 -0.106001 0.314891 
-1.729101 -0.458611 -1.091167 0.709151 -1.459630 -0.137495 -1.600880 0.134168 
-0.227470 -0.476746 -1.074218 0.697831 -1.458469 -0.143622 0.561485 1.587127 
-0.784217 -0.497686 -1.088922 0.694157 -1.458476 -0.139417 -0.430919 -1.026836 
-1.141883 -0.470654 -1.110293 0.713369 -1.452535 -0.145030 1.141886 0.491272 
1.696708 -0.470118 -1.080837 0.705438 -1.459330 -0.134923 1.492793 0.142685 
1.767875 -0.470615 -1.097847 0.702132 -1.457801 -0.137697 -0.245148 0.393810 
1.342957 -0.485270 -1.096699 0.698363 -0.977590 0.180495 -0.540327 -0.408585 
1.049142 -0.463982 -1.102666 0.704604 -0.191521 -0.792605 -0.068044 1.370637 
0.603311 -0.455083 -1.090235 0.694415 -0.841965 1.783869 -0.242419 -0.478184 
-0.607489 -0.478991 -1.103914 0.694896 0.557776 2.162806 -1.175083 1.808005 
-0.115071 -0.471955 -1.083906 0.714814 -0.842739 1.066188 -0.552356 0.414498 
-0.702385 -0.446995 -1.076545 0.701013 -0.706786 0.968517 -0.130512 1.727811 
-0.063338 -0.471517 -1.082514 0.711612 0.155134 0.978119 -0.219090 -1.745442 
0.437470 -0.465815 -1.090115 0.707127 -1.307918 -0.728466 -1.697781 0.644852 
-1.829135 -0.459105 -1.078609 0.703705 1.532571 -0.223697 -0.701498 1.366301 
-1.474176 -0.450693 -1.106609 0.702287 -0.416796 1.357873 -0.405867 0.615676 
-0.123441 -0.452846 -1.099996 0.704511 0.399063 0.193482 1.595345 1.789073 
0.718120 -0.454832 -1.094803 0.717287 0.301000 -0.657146 -0.087600 -0.149241 
-0.704686 -0.477418 -1.093373 0.696807 -0.806589 1.061834 -0.964876 1.788247 
-1.663477 -0.476308 -1.100607 0.700994 -0.885886 -0.453380 1.580841 1.247506 
-0.545194 -0.470414 -1.089358 0.712044 -0.355838 0.545353 -0.645036 0.104996 
0.445964 -0.478054 -1.089609 0.704738 0.406577 2.103991 0.403118 -1.157480 
-0.055295 -0.468765 -1.094528 0.706923 0.956503 -0.264360 -1.175366 1.842003 
0.734995 -0.493304 -1.073121 0.719060 0.733617 0.125098 -0.514693 -0.260873 
-0.519710 -0.459121 -1.077066 0.691827 1.581144 -1.056586 1.537978 0.510488 
1.412959 -0.459834 -1.087228 0.670357 1.464947 0.198450 -0.759942 -0.894984 
-0.341566 -0.462238 -1.092136 0.713181 -0.847190 -0.770963 -0.475099 0.502068 
-0.976359 -0.460824 -1.096362 0.703075 -0.295701 -0.570347 -0.126633 1.413509 
1.779965 -0.448726 -1.069863 0.708563 1.588627 -0.959049 -1.490291 1.736282 
-1.167880 -0.477326 -1.095485 0.710798 0.538589 1.145939 -0.588997 -1.200236 
0.243072 -0.469716 -1.105949 0.683970 -0.261502 1.259858 -0.813688 1.836686 
0.182121 -0.490386 -1.086386 0.715693 1.619244 2.346287 -1.143215 1.498989 
1.153046 -0.475719 -1.094416 0.691386 -0.754523 0.854518 -1.302573 1.285278 
0.283889 -0.452118 -1.097521 0.713436 -0.086800 -0.147576 -1.270466 -0.146747 
-0.362260 -0.487045 -1.076583 0.698550 -0.408607 2.050276 0.460400 1.410791 
-1.040836 -0.464862 -1.084652 0.694896 0.891101 1.265036 0.948146 -1.501929 
0.933246 -0.447587 -1.082691 0.693235 0.862515 -0.271781 -0.796023 -0.366998 
-0.569535 -0.467306 -1.103837 0.695930 0.835981 -0.896792 1.225230 0.909017 
1.738871 -0.470282 -1.086916 0.705652 -1.239256 0.774201 0.731708 -1.100488 
-1.768366 -0.469116 -1.097036 0.696651 -0.408778 1.041280 -0.313215 0.232565 
-0.289238 -0.463982 -1.079532 0.696509 0.172823 1.988372 -1.182339 -1.544646 
1.157544 -0.470426 -1.099758 0.702465 0.422800 -0.625262 0.120129 1.494814 
-0.257734 -0.463943 -1.075258 0.676762 -1.018111 -0.894748 1.448395 -1.254458 
-0.169162 -0.491460 -1.069053 0.712945 1.554946 2.205747 -1.473929 0.617995 
0.692041 -0.473189 -1.104850 0.707196 -1.138426 1.101632 -1.022100 -0.039780 
-0.417244 -0.460973 -1.096736 0.703392 -0.925943 -0.740489 0.073293 0.742791 
0.673509 -0.453611 -1.099824 0.705162 0.477300 2.374932 0.408822 -0.412989 
1.879089 -0.480146 -1.090082 0.719499 1.427148 2.175746 0.560092 -1.340284 
0.226459 -0.476360 -1.092530 0.705395 -0.808839 -0.259584 0.947658 1.666550 
1.411173 -0.472985 -1.093566 0.710679 0.947881 2.262590 0.292956 0.577470 
0.704482 -0.458465 -1.067103 0.702504 -1.283624 1.136496 -1.158095 0.390795 
1.056012 -0.455635 -1.086029 0.696616 0.408959 2.180629 1.103586 1.698290 
0.726620 -0.456095 -1.084956 0.728344 -0.133971 2.259958 1.535572 -1.513585 
-1.398723 -0.465899 -1.089988 0.710483 1.146812 0.039182 -0.196611 -1.163857 
0.882075 -0.457645 -1.094927 0.672369 -1.316855 2.428446 0.738703 -1.682125 
-1.960334 -0.460431 -1.089423 0.712738 -0.380415 1.375532 -0.240999 -1.385074 
-1.054352 -0.450758 -1.093332 0.700862 0.215685 -0.607289 -1.191543 -1.120933 
-1.025504 -0.465373 -1.100470 0.710269 1.270673 -0.611656 -1.173480 -1.111065 
0.655447 -0.464237 -1.089958 0.712540 0.232602 -0.632982 -1.178808 -1.135285 
0.711436 -0.471627 -1.096934 0.690984 -0.175155 -0.605311 -1.180119 -1.136622 
-0.392706 -0.474734 -1.107510 0.729838 -0.993923 -0.615662 -1.207565 -1.142471 
-0.323572 -0.466875 -1.079991 0.710626 -1.023065 -0.640172 -1.207381 -1.149221 
-1.582891 -0.477644 -1.093627 0.678489 0.664262 -0.613964 -1.200418 -1.129582 
0.666073 -0.467347 -1.084807 0.718739 0.998253 -0.634150 -1.186295 -1.119057 
1.144013 -0.464867 -1.085545 0.697983 1.276016 -0.604830 -1.197406 -1.119719 
0.074392 -0.471009 -1.083947 0.719516 0.703496 -0.624954 -1.204342 -1.129947 
-0.729539 -0.446809 -1.081843 0.700807 -1.347886 -0.601230 -1.191979 -1.119586 
1.402458 -0.439440 -1.088074 0.720309 0.164719 -0.601472 -1.196967 -1.116671 
1.769526 -0.469026 -1.089884 0.719538 1.619303 -0.605197 -1.168947 -1.125354 
0.415043 -0.458484 -1.075509 0.721172 -0.335964 -0.603737 -1.168946 -1.126679 
-0.731966 -0.461315 -1.101308 0.706438 -0.067618 -0.614071 -1.169770 -1.138866 
0.376146 -0.468607 -1.102207 0.713056 -0.328630 -0.626842 -1.186704 -1.126074 
-0.090554 -0.432147 -1.097847 0.691571 0.702476 -0.620983 -1.183470 -1.118084 
-1.414972 -0.464603 -1.080136 0.727909 0.398188 -0.599826 -1.194822 -1.131503 
-0.636020 -0.455515 -1.106439 0.695544 -1.255076 -0.634104 -1.192033 -1.126776 
-1.051445 -0.461125 -1.100594 0.692635 -1.455086 -0.626122 -1.171212 -1.125420 
-0.146646 -0.464419 -1.084339 0.711003 -0.954442 -0.602211 -1.188225 -1.104026 
0.249997 -0.448099 -1.083481 0.715645 1.377411 -0.625031 -1.203769 -1.123385 
0.593008 -0.480653 -1.100574 0.721565 0.639099 -0.610281 -1.191031 -1.126376 
-1.027528 -0.463015 -1.077854 0.706717 0.073114 -0.616780 -1.172825 -1.109997 
1.053925 -0.478462 -1.072208 0.694472 -1.076067 -0.598946 -1.175556 -1.117500 
1.654587 -0.460890 -1.102785 0.703612 0.482994 -0.619927 -1.189133 -1.110181 
0.454237 -0.466371 -1.097923 0.704746 -0.567224 -0.610667 -1.182757 -1.132785 
-0.681169 -0.469006 -1.094177 0.715809 -1.245021 -0.633134 -1.172708 -1.139206 
-1.960910 -0.463836 -1.106470 0.693430 -1.386215 -0.602136 -1.182454 -1.125501 
-1.156204 -0.465862 -1.100610 0.695584 -0.030824 -0.615502 -1.229735 -1.128349 
0.095277 -0.459860 -1.108599 0.716430 0.443347 -0.617071 -1.178761 -1.125634 
0.840135 -0.463777 -1.080596 0.720770 0.063316 -0.618293 -1.185891 -1.144629 
-1.240725 -0.480126 -1.077347 0.711172 -1.333194 -0.627853 -1.172982 -1.131378 
1.021643 -0.467178 -1.112435 0.715076 -0.058704 -0.610244 -1.179423 -1.130118 
-1.946490 -0.466775 -1.100487 0.699568 0.512398 -0.613459 -1.154957 -1.139499 
1.740368 -0.454150 -1.101754 0.722817 0.160897 -0.599576 -1.201258 -1.135284 
-1.363079 -0.469697 -1.090333 0.710190 0.993136 -0.599525 -1.205691 -1.132453 
-0.638876 -0.440808 -1.100073 0.710942 -0.222790 -0.609049 -1.172137 -1.127130 
1.393369 -0.463931 -1.088694 0.714468 -1.348706 -0.626797 -1.199570 -1.136576 
-1.313899 -0.460827 -1.090741 0.698322 -0.853891 -0.617192 -1.189478 -1.149824 
-0.559869 -0.470643 -1.085738 0.704967 -0.709411 -0.619547 -1.165861 -1.147332 
-0.701608 -0.464801 -1.104731 0.705225 0.709974 -0.612226 -1.185559 -1.131030 
1.141752 -0.461619 -1.095143 0.699393 1.191192 -0.609211 -1.190834 -1.099747 
-0.716388 -0.467018 -1.089852 0.685671 -1.441419 -0.624546 -1.190952 -1.123676 
1.161963 -0.491635 -1.095360 0.704839 1.078970 -0.617038 -1.197135 -1.139962 
1.857294 -0.466054 -1.088249 0.721929 1.198940 -0.615621 -1.193474 -1.127053 
-1.233117 -0.466396 -1.085867 0.702852 0.660665 -0.630152 -1.189957 -1.133558 
0.948866 -0.470650 -1.082912 0.698955 0.379517 -0.615000 -1.187187 -1.134562 
1.688451 -0.467528 -1.095940 0.713988 0.567130 -0.611847 -1.182780 -1.121417 
-0.912146 -0.455383 -1.097538 0.683590 -1.397377 -0.629616 -1.198124 -1.110712 
1.769721 -0.453687 -1.093576 0.705632 0.985003 -0.616258 -1.185134 -1.129189 
-1.880554 -0.478482 -1.092061 0.693614 -1.350719 -0.621917 -1.181049 -1.131100 
-0.273963 -0.457786 -1.087258 0.713411 0.058021 -0.631202 -1.183932 -1.129001 
1.687006 -0.469279 -1.089371 0.693394 -0.126478 -0.616499 -1.163558 -1.120393 
-1.612580 -0.458112 -1.085046 0.703423 -0.677551 -0.614913 -1.191571 -1.139853 
-1.466480 -0.470743 -1.097352 0.695807 -0.475771 -0.625026 -1.193085 -1.128053 
-1.935667 -0.455464 -1.096374 0.690301 -0.040148 -0.624626 -1.169656 -1.124473 
0.704155 -0.459776 -1.084850 0.697547 -1.474275 -0.629473 -1.218477 -1.129081 
-1.512298 -0.451823 -1.075438 0.696025 0.592575 -0.622092 -1.192895 -1.138397 
-1.380544 -0.437566 -1.096776 0.720165 0.915911 -0.624556 -1.182103 -1.136425 
0.139360 -0.458378 -1.093521 0.695138 0.104269 -0.610967 -1.200410 -1.142742 
0.110884 -0.470784 -1.077407 0.708746 -0.173788 -0.614039 -1.179710 -1.119363 
-0.954421 -0.462192 -1.097675 0.693092 1.159493 -0.578343 -1.201848 -1.141094 
0.959045 -0.457932 -1.099237 0.710201 -0.689970 -0.584598 -1.191390 -1.131086 
1.603161 -0.469251 -1.081432 0.698220 0.351034 -0.618208 -1.187598 -1.136052 
-1.332857 -0.475044 -1.087421 0.683466 -0.030870 -0.621349 -1.185199 -1.116965 
-1.732259 -0.464396 -1.091150 0.683939 0.567293 -0.612437 -1.181573 -1.126785 
-1.668732 -0.479013 -1.098601 0.697391 -0.059890 -0.596817 -1.186443 -1.129094 
-0.343718 -0.469685 -1.081263 0.695410 -1.174405 -0.603459 -1.204302 -1.138222 
0.457073 -0.468063 -1.078960 0.707889 -1.338182 -0.614000 -1.201832 -1.151440 
-1.272979 0.120302 1.527667 -0.750880 0.172914 -0.639368 -1.181143 -1.134587 
0.652532 0.095854 -0.025889 -1.961602 0.937951 -0.626422 -1.172361 -1.136034 
1.436503 1.713765 -0.275945 -1.963083 -0.415050 -0.618373 -1.173257 -1.122675 
-1.010761 1.219071 1.791357 -0.871533 1.169787 -0.603860 -1.189242 -1.129547 
0.352619 0.674563 2.165574 -1.733283 -0.370402 -0.628352 -1.189702 -1.132872 
-1.309226 0.492126 0.368296 0.270243 0.243252 -0.603293 -1.200981 -1.110458 
0.044365 1.200006 0.904388 0.071105 -1.006700 -0.600946 -1.206673 -1.115950 
1.791153 0.421867 -0.737029 -1.355624 -1.116480 -0.618701 -1.172913 -1.145450 
0.756293 -0.506448 1.404380 0.884177 0.056611 -0.619258 -1.176684 -1.144894 
0.517188 2.170126 1.442864 -1.587416 0.847111 -0.603947 -1.178087 -1.144467 
0.745821 0.339038 -1.084031 -1.970474 0.636968 -0.612254 -1.186088 -1.124008 
-0.615720 -1.002649 -0.939406 -1.654225 0.842544 -0.630602 -1.184983 -1.128696 
-1.066125 1.990556 1.173294 0.171566 0.059894 -0.613741 -1.200615 -1.113727 
0.886673 0.981513 0.268902 -0.282484 0.758774 -0.606015 -1.191124 -1.120666 
-1.287387 -0.800714 1.123485 -0.643306 1.231174 -0.591912 -1.182297 -1.131582 
1.118613 -0.280692 -0.979743 -1.335183 1.400940 -0.606460 -1.187938 -1.113193 
-0.814161 1.418166 -0.932119 -1.661532 1.620862 -0.616624 -1.205375 -1.133809 
0.595316 2.241395 -0.802343 -0.059642 -0.570034 -0.636175 -1.186986 -1.116569 
1.749530 2.002638 1.046525 -0.777836 -0.889485 -0.598707 -1.172485 -1.129200 
0.798828 -1.484423 1.136743 0.742882 1.200275 -0.597592 -1.192000 -1.129117 
0.813816 -1.461207 0.831610 1.190811 0.667891 -0.617936 -1.195681 -1.118266 
0.686011 -1.465403 0.833230 1.102285 -1.188073 -0.597093 -1.196809 -1.134214 
-0.885952 -1.458035 0.832362 -0.325316 -0.520844 -0.635258 -1.194791 -1.122362 
-0.291350 -1.466441 0.835308 -1.910376 0.682021 -0.626660 -1.173649 -1.120051 
-1.732734 -1.459147 0.832741 -1.330674 1.080360 -0.576148 -1.188483 -1.120912 
0.733309 -1.454300 0.828580 -1.905992 -0.241328 -0.624255 -1.184556 -1.142794 
-0.580220 -1.458622 0.828486 0.768446 1.339577 -0.629608 -1.197187 -1.119042 
-1.045855 -1.458671 0.819038 -0.239388 -1.032852 -0.590908 -1.197486 -1.128324 
1.358015 -1.467276 0.831574 -0.650493 -0.121540 -0.618024 -1.190609 -1.124615 
0.297730 -1.464646 0.833381 1.171986 -0.027499 -0.613577 -1.206924 -1.129797 
1.245713 -1.452781 0.829469 1.197187 0.522527 -0.628060 -1.192651 -1.134940 
-1.407967 -1.464732 0.832818 0.178731 -0.145350 -0.634722 -1.179710 -1.118205 
1.487287 -1.467015 0.837558 0.779432 0.999604 -0.636485 -1.182168 -1.127037 
1.065850 -1.467988 0.821922 1.231026 1.565935 -0.603921 -1.189985 -1.121325 
0.818193 -1.468366 0.823674 0.501682 -1.410720 -0.624458 -1.185841 -1.151690 
-1.462637 -1.466745 0.831286 -0.427994 -0.424576 -0.605504 -1.199248 -1.148624 
0.911760 -1.456774 0.832261 -0.597061 -0.474546 -0.636615 -1.190312 -1.135175 
1.602790 -1.454035 0.820920 0.136493 0.974672 -0.642333 -1.193575 -1.113125 
-1.571278 -1.458476 0.824003 1.245379 -0.968848 -0.618246 -1.192115 -1.128478 
1.538228 -1.455743 0.823973 0.163468 1.033246 -0.612456 -1.188076 -1.139248 
-0.439151 -1.474495 0.830528 -1.933793 0.354173 -0.615461 -1.195989 -1.124482 
-1.633423 -1.467564 0.823157 1.668435 1.187002 -0.607380 -1.218383 -1.141702 
-1.891005 -1.452631 0.827463 1.116234 0.376796 -0.623739 -1.188394 -1.124837 
1.172787 -1.468056 0.825410 -1.560223 0.598133 -0.620762 -1.171282 -1.119631 
-1.314521 -1.460691 0.827128 1.416438 1.589318 -0.611122 -1.159130 -1.136145 
-0.873575 -1.460948 0.833365 -1.583519 -1.164532 -0.625570 -1.187814 -1.119945 
1.508029 -1.456840 0.828565 0.459174 1.360969 -0.596605 -1.197768 -1.115041 
0.810008 -1.462083 0.826718 1.122394 -1.129111 -0.615901 -1.190534 -1.134399 
-0.330581 -1.460674 0.827112 -0.461477 -0.419073 -0.617082 -1.179669 -1.125600 
0.673978 -1.463098 0.833315 -0.043055 0.826052 -0.594274 -1.183685 -1.131473 
-1.848041 -1.460675 0.818275 -1.052619 -0.773329 -0.613447 -1.187373 -1.109980 
0.418074 -1.459505 0.827647 -0.353660 -0.924542 -0.593159 -1.159735 -1.129192 
-1.383910 -1.448348 0.838905 -0.032188 -1.426608 -0.613175 -1.169899 -1.126397 
-0.362730 -1.463119 0.835722 -1.087292 -0.896203 -0.611901 -1.183616 -1.127147 
-0.562867 -1.467662 0.828724 0.908064 -0.836294 -0.624623 -1.185309 -1.127431 
-1.068976 -1.468119 0.833296 -1.010483 0.372436 -0.615459 -1.162584 -1.109277 
-0.509677 -1.464410 0.828041 -0.635603 1.305365 -0.605218 -1.200318 -1.122449 
1.503655 -1.467926 0.829373 -0.355271 -1.322463 -0.593842 -1.199358 -1.124640 
-0.014036 -1.459898 0.829178 -1.439151 0.091306 -0.585674 -1.189792 -1.114915 
1.126326 -1.456120 0.827677 -0.742788 -1.390439 -0.621119 -1.174885 -1.127220 
-0.440244 -1.465641 0.829250 -0.809414 0.956039 -0.608915 -1.179206 -1.110757 
-1.587122 -1.464037 0.830821 -1.727065 -0.877737 -0.628624 -1.199116 -1.118380 
-0.683856 -1.461114 0.838351 -0.699985 -0.598861 -0.627162 -1.143573 -1.134544 
0.817401 -1.455970 0.826084 -0.768018 1.529627 -0.625851 -1.200642 -1.150761 
1.062431 -1.467326 0.839149 1.732225 0.359608 -0.607949 -1.185892 -1.121985 
-0.234388 -1.458904 0.830038 -0.966842 0.900689 -0.632541 -1.170633 -1.124786 
0.681299 -1.456588 0.831297 -0.414460 0.500782 -0.630321 -1.182168 -1.133153 
0.515032 -1.467483 0.825999 -1.267522 -0.800322 -0.609543 -1.168568 -1.119677 
-0.300291 -1.464388 0.833017 0.517926 0.592153 -0.602804 -1.194264 -1.094032 
-0.962466 -1.464649 0.825207 -1.293770 -0.698935 -0.603650 -1.192635 -1.129116 
1.152797 -1.466318 0.831810 1.754637 0.520573 1.381808 0.258311 -0.164869 
-0.023299 -1.468315 0.827796 0.418350 -0.247132 1.137126 -0.302328 -0.135774 
-0.866544 -1.455029 0.831744 -0.007176 1.079109 -1.192745 -0.544123 0.116161 
1.758469 -1.466529 0.825964 1.174372 1.126423 -0.850625 0.965701 1.164834 
1.455261 -1.468360 0.833136 -0.066276 0.111865 -0.327727 -0.416299 0.655652 
-0.231606 -1.462928 0.831236 1.462119 -1.182045 1.121120 1.479846 0.847622 
-0.156850 -1.472974 0.822995 1.258555 -0.803592 2.424450 0.885759 -1.360146 
-0.726623 -1.465354 0.823099 -0.229857 0.668897 0.773576 0.025412 1.388688 
0.756811 -1.451524 0.830658 0.556470 0.551818 1.043455 -1.256444 0.596128 
-1.539064 -1.454310 0.826195 -0.586561 1.422290 -0.783854 -0.348426 -0.342011 
-0.893723 -1.464870 0.828568 1.489886 -1.419773 1.441095 -0.952881 1.409320 
1.695587 -1.457579 0.839813 -1.956451 0.069569 -0.967364 0.304537 -0.487064 
0.417013 -1.461324 0.829155 1.628334 -0.781992 1.011630 1.431317 1.592540 
0.418858 -1.466195 0.829501 -1.759775 -1.312328 0.736485 1.441109 0.284916 
1.004672 -1.473838 0.831847 -1.379417 0.719374 -1.066810 0.117161 1.312970 
-1.154135 -1.462679 0.832972 1.166792 0.028427 1.710006 1.120816 0.105740 
1.385963 -1.460770 0.820930 1.062330 -0.732442 0.571378 0.907165 -1.561018 
-1.885509 -1.470325 0.829569 -0.142250 -0.921669 -0.566831 -1.038944 -0.860872 
-0.207691 -1.469644 0.828652 -1.139325 0.764822 2.108170 -0.449132 -0.404265 
0.775673 -1.467759 0.823750 0.583899 -0.626825 -1.293600 1.507977 -1.468523 
-1.931713 -1.465353 0.832633 -1.928027 -1.222016 2.402635 -1.351074 -0.280353 
-1.832523 -1.455882 0.824652 -1.033268 -0.608600 -1.061508 -1.108558 -1.692253 
1.344179 -1.459617 0.824876 0.991450 -1.182457 0.584558 -0.693209 -1.130849 
0.028620 -1.463248 0.837030 -1.618304 0.687427 1.487417 1.153056 -1.088741 
-0.285227 -1.466866 0.827974 -1.324273 -0.825923 2.328604 1.593797 0.347333 
0.263054 -1.461203 0.828159 1.548581 -0.516101 1.271085 1.554526 0.082653 
-0.091859 -1.459406 0.831953 -0.064296 1.626030 -0.005029 1.531591 1.366541 
-1.610009 -1.463752 0.825611 -1.948783 1.103599 0.065834 0.092508 1.376784 
-1.381877 -1.456851 0.839497 -1.010321 -1.120458 -0.663836 1.085000 -0.420587 
-0.461852 -1.457206 0.825080 -1.620559 0.405472 1.153660 -0.451265 1.549359 
-0.521201 -1.457833 0.827017 -0.076472 1.315799 2.020127 0.532160 0.347042 
-0.052533 -1.455708 0.833082 -0.451209 -0.394878 -0.553549 1.283127 0.190340 
1.423318 -1.454580 0.829971 -1.865289 -0.653725 1.962765 1.505638 -1.744271 
-1.069197 -1.459854 0.830098 1.003388 1.484702 -0.769276 -0.783883 -1.265238 
-1.497767 -1.460984 0.828019 1.586897 0.006058 0.516504 -0.483463 -0.057203 
-0.479020 -1.465124 0.832415 0.329153 -1.353241 2.365471 1.317010 -1.368075 
-1.397456 -1.448720 0.819189 1.526879 0.165412 1.502999 0.208401 -1.003118 
0.579451 -1.459274 0.837089 -0.655904 -0.051759 -1.236860 0.518964 -0.350191 
1.806148 -1.463926 0.823038 0.408985 -0.687783 2.074678 1.275778 -0.251648 
-1.916427 -1.458218 0.824397 -1.155819 -1.425874 0.221387 -0.947727 0.625297 
-1.908124 -1.468156 0.831326 -0.090453 -0.253890 -0.519203 1.140419 0.833714 
-1.488019 -1.463343 0.827024 1.209104 -0.225069 -0.499479 1.123687 0.813056 
0.132134 -1.464136 0.835154 -0.734565 -0.251636 -0.532454 1.117920 0.855937 
-0.984869 -1.473384 0.821618 -1.262728 -0.220352 -0.550677 1.117450 0.818805 
-1.306043 -1.468980 0.817175 0.828011 -0.237507 -0.503370 1.130272 0.792375 
0.790599 -1.474507 0.827286 1.618474 -0.229574 -0.554961 1.122889 0.848052 
1.518225 -1.466341 0.822157 -1.605809 -0.254349 -0.550857 1.124369 0.807245 
-0.035831 -1.464418 0.830746 1.217318 -0.242019 -0.530649 1.093931 0.808842 
0.478391 -1.470191 0.832506 -0.381765 -0.248609 -0.547535 1.147304 0.833680 
-1.277650 -1.459861 0.832126 1.331728 -0.239600 -0.554932 1.117328 0.805254 
-0.626369 0.963203 1.408784 0.556303 -0.252416 -0.557132 1.118073 0.825588 
0.435489 1.516354 -1.069956 0.256986 -0.229662 -0.542718 1.128091 0.790653 
0.432262 -0.178804 -0.394394 1.265088 -0.236909 -0.519591 1.083014 0.817920 
0.357857 -1.331161 1.121736 1.389814 -0.248170 -0.524336 1.119488 0.801389 
0.598982 1.826528 0.351068 -0.571123 -0.250009 -0.548916 1.140979 0.831544 
1.241648 0.927799 0.418733 1.030674 -0.219754 -0.556428 1.095011 0.794796 
-0.239893 1.480127 -0.082560 1.155798 -0.237809 -0.518636 1.136988 0.807575 
-0.546715 -0.513945 2.148604 -1.305049 -0.218136 -0.569803 1.090028 0.830006 
0.572742 -0.255710 1.525464 -0.246913 -0.221403 -0.537858 1.140913 0.818855 
-0.018506 -0.553207 2.053595 -0.723711 -0.230750 -0.503948 1.133124 0.832499 
-1.186645 -1.596911 0.785231 -0.878368 -0.245762 -0.544542 1.133569 0.792810 
0.622106 -1.491899 1.275821 -0.874398 -0.227543 -0.532341 1.116607 0.852709 
0.589386 -0.921404 -0.868387 -1.160173 -0.237538 -0.514000 1.104155 0.807669 
-1.121287 -0.261651 0.599174 1.107729 -0.225444 -0.551231 1.117939 0.830286 
-1.313656 1.612078 -0.948339 0.397140 -0.206077 -0.539065 1.104492 0.832493 
-0.172783 2.207445 1.345771 1.144346 -0.232432 -0.534948 1.135663 0.835861 
-0.768494 -0.165102 0.421792 0.870076 -0.247269 -0.515904 1.119832 0.822442 
-1.642501 0.078718 -0.696472 1.274310 -0.226940 -0.527438 1.117106 0.827167 
-0.732649 1.744124 1.164610 -1.841953 -0.247770 -0.534394 1.117533 0.803074 
0.876812 0.724469 1.362684 -1.558822 -0.237304 -0.504832 1.117215 0.822557 
-1.225579 0.344086 -0.434141 -0.868508 -0.227675 -0.526919 1.087289 0.822102 
-1.869252 -0.375883 0.298769 -0.088938 -0.240542 -0.522017 1.121052 0.810644 
0.860568 1.269133 -0.226326 0.901303 -0.228834 -0.536844 1.133363 0.806940 
-0.194204 -1.425734 1.354227 1.300598 -0.255139 -0.557435 1.086407 0.837090 
-0.998676 2.095564 2.188849 0.877180 -0.257354 -0.547765 1.125609 0.815739 
-1.011293 1.900610 0.142522 -0.461861 -0.261309 -0.504761 1.095982 0.843914 
1.600802 -1.544086 0.679754 -0.480941 -0.235525 -0.541336 1.101159 0.799159 
1.428361 -1.221786 1.973209 0.783798 -0.228605 -0.549676 1.134317 0.820446 
1.390570 2.000636 2.079310 1.495743 -0.237558 -0.536153 1.132248 0.815463 
-1.944765 0.341240 -0.354824 -0.761114 -0.229120 -0.510542 1.119752 0.819378 
-1.626247 0.970107 0.241385 -0.551433 -0.205716 -0.529712 1.133591 0.820261 
-1.528874 0.329489 0.146556 0.898257 -0.238614 -0.545473 1.124335 0.829624 
1.609359 1.186523 2.080904 1.175440 -0.244193 -0.543563 1.111617 0.810385 
-0.738130 0.600010 -0.503943 -1.448058 -0.246476 -0.530198 1.145360 0.805839 
-0.942696 0.634023 1.963747 0.390331 -0.249212 -0.515521 1.116793 0.822229 
1.175176 0.709810 -0.518542 -0.998173 -0.234561 -0.499201 1.124980 0.840015 
-1.159607 1.374310 -0.824675 1.592525 -0.225588 -0.534690 1.124122 0.833334 
-0.503473 0.533921 1.110255 1.146476 -0.221419 -0.512969 1.119549 0.806305 
-1.356800 -0.929644 0.085433 0.372102 -0.246748 -0.531545 1.140985 0.797398 
-1.831094 0.495416 -0.996322 -0.146084 -0.227913 -0.501650 1.119025 0.817990 
-1.748493 0.123781 2.085953 -0.227008 -0.262314 -0.538639 1.104888 0.828504 
-0.273263 0.324467 -0.453084 -1.096079 -0.238042 -0.510945 1.119903 0.808681 
-0.746889 0.541752 -1.207785 1.068285 -0.234252 -0.554459 1.121884 0.819118 
0.252018 -0.746617 -0.797476 -0.202768 -0.246882 -0.557222 1.126456 0.816449 
-1.471438 -1.547442 1.117405 -1.241162 -0.246254 -0.503409 1.115286 0.822111 
-0.180568 -1.114144 0.210526 0.253440 -0.271112 -0.534546 1.122884 0.831169 
-1.368896 1.108361 -0.429860 -1.347263 -0.224617 -0.554723 1.129974 0.824721 
-1.531272 2.259296 0.837198 -1.344406 -0.252859 -0.528509 1.132579 0.800420 
-1.005489 0.715054 -0.950666 -1.950816 -0.252441 -0.532706 1.151626 0.807068 
1.056717 2.149685 0.670991 0.997558 -0.238181 -0.532193 1.111827 0.805478 
-0.671360 -1.248572 -0.220513 -0.712541 -0.216494 -0.535075 1.111091 0.806285 
0.076694 0.021124 0.027796 -1.738149 -0.210071 -0.553333 1.105601 0.837469 
0.295064 -1.056114 2.021340 -0.583466 -0.243641 -0.522006 1.126057 0.792564 
0.265654 0.623997 1.970535 0.259332 -0.232394 -0.564733 1.110975 0.832287 
0.262235 1.826080 0.706260 0.579930 -0.232893 -0.525145 1.131222 0.836111 
-1.268992 -1.422112 -1.138129 -1.697136 -0.233904 -0.533935 1.148563 0.837178 
-1.506613 2.249185 1.929801 1.415492 -0.254169 -0.521909 1.121950 0.819270 
0.775051 1.157763 0.939199 0.944624 -0.257831 -0.490470 1.120688 0.822124 
1.707071 -1.503559 -0.347641 1.262616 -0.235653 -0.519876 1.113013 0.843771 
1.791838 -0.709329 1.032103 -1.898032 -0.245634 -0.518546 1.111831 0.846168 
-0.461358 -1.104158 2.172415 0.976886 -0.239532 -0.526567 1.130852 0.820707 
1.591291 -0.892263 0.774919 -0.598999 -0.224039 -0.566167 1.116353 0.825539 
-0.435605 1.444003 0.164471 -0.804784 -0.226444 -0.540252 1.135287 0.801584 
0.295692 1.766906 0.042190 1.638031 -0.242761 -0.509070 1.134783 0.811068 
-0.308280 0.895084 1.513858 -0.426947 -0.243302 -0.521425 1.116604 0.815320 
-0.128204 -0.671295 1.597066 -0.456436 -0.246283 -0.526301 1.129766 0.815407 
-0.727794 -1.211142 1.514836 1.107209 -0.235320 -0.505271 1.119730 0.809226 
0.507179 1.897296 2.174417 -0.973208 -0.225810 -0.524220 1.119570 0.830676 
-0.223828 -0.649707 0.315614 -0.234510 -0.206418 -0.533532 1.116168 0.843839 
0.037250 -0.191104 -0.999887 1.382742 -0.242755 -0.543865 1.096355 0.812882 
0.970753 1.480929 -0.003983 -0.009371 -0.220785 -0.528983 1.128322 0.837835 
0.980948 -0.188425 1.081329 -0.451142 -0.247961 -0.542906 1.120444 0.824544 
-1.052128 -0.684068 -0.798141 -1.849035 -0.225307 -0.502481 1.133579 0.834212 
1.810000 1.050048 -0.107844 -1.956300 -0.214151 -0.516244 1.143113 0.815917 
-1.606187 1.272885 2.071571 0.456018 -0.234384 -0.517581 1.104581 0.805212 
1.486024 0.583307 -0.209678 -1.406684 -0.243551 -0.500727 1.115993 0.817348 
-0.527769 1.696456 0.371082 0.771734 -0.241209 -0.573119 1.112658 0.800913 
-1.342774 -1.586196 0.781932 -0.590861 -0.242472 -0.528885 1.114471 0.805715 
-1.091788 -0.262719 0.006802 1.625986 -0.246376 -0.547105 1.122183 0.811676 
1.815829 1.660461 2.097337 -0.323063 -0.245660 -0.523149 1.095200 0.814303 
0.258275 0.233142 1.701912 1.612146 -0.225543 -0.544628 1.125439 0.820223 
-1.227468 0.457512 1.557097 0.759790 -0.224123 -0.525358 1.128713 0.843892 
0.517813 -0.069202 0.279090 -0.411194 -0.252674 -0.530510 1.108890 0.827487 
-0.873761 0.476153 -0.571333 1.586332 -0.232083 -0.547114 1.139454 0.812942 
-0.744996 -1.079416 0.250881 -0.241969 -0.257679 -0.557157 1.141374 0.849760 
-1.939314 -0.808882 -0.639081 -0.433328 -0.218795 -0.510655 1.118356 0.835599 
-1.021746 -1.597649 -0.689074 -0.273725 -0.253521 -0.568249 1.128729 0.814339 
-1.224397 0.544243 0.100352 -1.769139 -0.247436 -0.533783 1.151297 0.814025 
0.258761 -0.146347 1.875816 -0.599049 -0.230712 -0.525946 1.130790 0.820413 
-0.615195 0.723707 1.861506 -1.610335 -0.217010 -0.561595 1.111395 0.801573 
1.550388 1.279008 -0.215116 -0.540448 -0.212758 -0.542156 1.106520 0.813553 
0.177640 -1.191217 1.903253 0.792326 -0.236567 -0.497100 1.137915 0.807645 
0.320850 -0.496927 -0.603621 -1.621026 -0.246522 -0.525067 1.115992 0.796644 
-1.376603 1.652637 0.340506 0.895649 -0.237537 -0.579890 1.115363 0.789127 
-1.270009 -1.600613 -0.090990 1.667039 -0.242714 -0.531906 1.085507 0.805371 
1.197972 0.261713 1.382605 0.942896 -0.236432 -0.544890 1.108408 0.820063 
-0.023846 1.783954 -1.111327 -0.370902 -0.236093 -0.542491 1.132589 0.834084 
-0.505331 -1.363883 -0.718141 -0.359458 -0.230539 -0.500025 1.114708 0.800584 
0.595178 0.688939 -0.120983 -0.831179 -0.219160 -0.573406 1.135198 0.810342 
1.514964 -0.253879 -0.010811 -1.003705 -0.228104 -0.546878 1.084876 0.810187 
0.314278 -1.438205 -0.656198 1.048978 -0.229970 -0.537963 1.122685 0.829916 
1.427266 0.879515 -0.990201 -1.798465 -0.234544 -0.547524 1.135325 0.801958 
1.593597 -0.375063 -0.894314 -0.947240 -0.263115 -0.542975 1.119398 0.815964 
-1.496485 1.388972 0.306787 0.338976 -0.227032 -0.535877 1.119194 0.804897 
1.499528 1.585941 1.446749 0.047306 -0.240034 -0.532302 1.090081 0.800172 
0.486853 0.124249 2.133600 1.375875 -0.236890 -0.516335 1.131304 0.807597 
-1.553398 -0.382971 1.467805 -0.452230 -0.240348 -0.544699 1.128970 0.811792 
0.618333 -0.541384 1.327742 1.596335 -0.252251 -0.524938 1.117229 0.800046 
0.089552 0.341638 0.899358 0.859500 -0.214878 -0.540380 1.121762 0.791766 
-0.372923 -1.531269 -0.710445 -1.491935 -0.234262 -0.511018 1.122735 0.815279 
-0.714806 -1.173666 0.542446 -0.970770 -0.238383 -0.531353 1.125481 0.806530 
-0.637228 0.269362 0.022201 0.874356 -0.255348 -0.525289 1.122803 0.812593 
-0.378174 1.976265 0.036106 0.340732 -0.226156 -0.525646 1.152778 0.839895 
0.320664 0.225111 1.771101 -1.598774 -0.225371 -0.529820 1.140914 0.832498 
-1.765987 0.876265 -0.964381 0.159033 -0.257788 -0.527218 1.125172 0.822446 
-0.395377 1.330688 -0.011011 -0.903003 -0.254162 -0.543233 1.110786 0.818484 
0.237138 -0.960925 -1.166686 -1.256490 -0.221454 -0.494849 1.111043 0.817539 
1.040379 1.319037 -0.936543 -0.540028 -0.235188 -0.546641 1.125865 0.816706 
0.267132 1.644480 -0.907200 0.058967 -0.265133 -0.536013 1.144406 0.822716 
-0.798421 -0.023280 -0.737557 -1.832873 -0.221501 -0.539061 1.126916 0.803955 
1.036141 0.085468 1.142332 -0.796281 0.301121 -0.816760 -1.344414 -0.573146 
0.132076 1.460786 2.029735 -0.633965 1.059144 2.212642 0.980440 -0.492182 
0.016207 2.164171 1.724625 -1.463738 1.019154 -0.328942 -0.947630 -1.382288 
-0.712895 -0.186736 -0.780776 -1.900552 1.558826 -0.310105 1.578711 0.447086 
-1.679617 -0.813598 -1.136450 0.899367 -0.278306 1.316061 -1.645362 -0.532581 
-0.952656 1.144989 -0.930746 1.494917 0.363527 -0.159273 0.165389 0.727578 
0.129778 1.152719 1.850795 -1.961788 -0.305304 -0.543787 -0.445261 -1.373306 
1.713255 -1.527864 0.014806 -1.715702 -0.089343 -0.253089 1.165115 0.329023 
-1.902938 -0.200996 1.725150 1.477902 0.429313 -1.052229 1.270505 0.833827 
-1.226885 -1.536400 0.433842 0.654791 -0.200179 1.950757 0.606480 -1.377922 
0.142491 0.505727 -1.160207 0.511186 -0.282054 -0.222548 0.638707 -0.796507 
0.168639 0.501710 0.925305 0.215516 1.281306 -0.231653 0.627267 1.391663 
0.153800 0.488565 0.456088 -1.264391 0.592251 2.096433 0.628687 1.018756 
0.159870 0.486187 -0.049648 1.405076 1.191727 0.196364 0.627957 -0.086847 
0.153806 0.502740 -0.151100 1.410088 -0.762094 2.427509 0.608942 1.717329 
0.135961 0.496076 -0.267938 1.258294 1.025323 0.116666 0.625737 -0.756364 
0.161184 0.502814 0.897036 -1.759594 1.084878 -0.799778 0.647558 0.252783 
0.142454 0.486233 0.110529 0.786363 0.004478 -1.259716 0.642972 0.541217 
0.158126 0.493014 0.881402 -0.877968 0.410663 -0.139477 0.623743 0.209356 
0.151216 0.484085 0.734053 1.726686 1.218581 -0.524718 0.627752 -0.864132 
0.134504 0.508249 1.687046 -1.271803 0.366970 -0.307626 0.627067 -1.177113 
0.156246 0.502337 1.989236 0.559092 1.261125 0.897343 0.626443 1.536034 
0.153813 0.480840 -0.537172 1.660841 -1.423961 -0.671747 0.622281 0.207282 
0.146610 0.483747 1.837863 -0.195798 0.033586 0.075079 0.625445 -1.222061 
0.155197 0.495861 0.502022 0.106124 0.905226 1.676748 0.630528 -0.558199 
0.160307 0.489209 0.701568 -0.337248 -0.286712 0.534800 0.627386 1.494712 
0.160263 0.494802 0.548249 0.588482 -0.647749 -1.269211 0.647137 0.365922 
0.139657 0.475367 0.974514 -1.341984 -0.017586 -0.872021 0.629903 1.425681 
0.128092 0.494591 0.397162 -1.918679 -0.860656 2.370679 0.623453 0.713073 
0.140257 0.489192 -0.854901 1.129398 -1.084658 -0.157798 0.643081 0.272553 
0.148806 0.496653 0.832584 0.904255 -0.798072 -1.029745 0.629222 1.057228 
0.143264 0.495932 0.540159 -0.646867 1.402591 1.399719 0.626460 0.998852 
0.150532 0.504145 0.153379 0.499847 1.600976 0.485745 0.626043 -0.352600 
0.148685 0.487503 0.820760 -0.852755 -1.141057 1.831763 0.627019 0.878725 
0.155578 0.480953 2.116969 -0.494128 -0.504080 1.996746 0.621804 -0.925322 
0.161137 0.492960 1.025563 -0.136786 -0.687068 -0.383477 0.626033 1.085782 
0.165739 0.500556 -1.181978 -0.424043 1.480767 1.903599 0.627051 -0.511019 
0.139933 0.492280 0.424447 -0.035077 1.392442 -0.141492 0.642124 -0.354984 
0.155868 0.472733 -0.611609 -0.656602 -0.130292 0.408778 0.620551 0.762188 
0.145083 0.491942 0.927453 1.053850 -0.888772 -1.065680 0.627239 0.476940 
0.158497 0.498240 2.169423 1.207045 0.256485 -0.277580 0.619123 1.322990 
0.146598 0.492326 -0.977338 -0.774874 -0.548278 -0.410862 0.626804 0.092117 
0.143878 0.506174 -0.241621 0.594630 -1.225326 0.646852 0.616427 1.351132 
0.164803 0.493152 -0.226640 -1.320243 -1.214222 -1.310704 0.634652 0.602066 
0.142884 0.507938 -0.152636 1.564068 -1.247786 2.012556 0.632051 -0.148303 
0.161266 0.483533 2.157377 1.591609 0.629425 0.352349 0.624322 1.340482 
0.146320 0.499370 0.106917 0.347413 0.884348 -0.544606 0.624175 0.473297 
0.138855 0.499844 0.594741 -0.243708 -0.674705 1.021148 0.638003 -1.025429 
0.149231 0.486806 0.049814 -1.392514 -0.576690 -0.331779 0.628118 1.822329 
0.169985 0.503418 1.018541 0.144799 0.844606 1.799314 0.643303 0.792914 
0.154755 0.496270 0.642013 -1.285837 0.931462 0.060247 0.641418 0.316280 
0.143319 0.505926 0.108704 1.609343 -0.710351 0.225243 0.616656 1.382171 
0.162613 0.496687 1.687989 1.147385 -0.953907 -1.010018 0.624746 -0.732678 
0.148718 0.482418 1.848585 -0.301414 -1.086150 -0.931752 0.630779 0.005786 
0.143294 0.487855 -0.646857 1.413879 -0.845307 -0.401602 0.634629 0.855280 
0.147849 0.501356 0.859769 -0.811200 -0.808112 -1.093000 0.635902 -1.329939 
0.151500 0.491812 1.334279 -0.950775 0.108280 -0.268174 0.635049 -1.725190 
0.163948 0.507598 -0.721175 1.353080 0.170003 1.083656 0.638661 0.356617 
0.164986 0.478908 0.502822 1.087561 -0.267116 2.054757 0.626761 -0.827045 
0.134978 0.509536 -0.633252 0.606898 1.490385 -1.130915 0.619164 0.155511 
0.139603 0.472615 -0.335403 -0.517191 0.374619 2.429344 0.630792 1.021165 
0.152189 0.503574 0.392952 0.840903 -0.927597 1.831208 0.633652 -1.730379 
0.166022 0.494662 0.568839 -1.117383 -1.476882 1.578889 0.638715 1.479295 
0.135000 0.491206 -0.046874 -1.541919 1.447911 0.959113 0.630019 0.152150 
0.153718 0.477116 1.856039 -1.297406 -1.155633 1.234681 0.627313 -0.856474 
0.156087 0.494350 0.993547 -1.929950 -0.163055 -0.592078 0.637693 0.239020 
0.139583 0.491249 0.086904 0.471164 0.198556 0.036420 0.631428 -0.422220 
0.151588 0.471678 -0.605940 0.214771 1.566664 2.027533 0.627285 0.186323 
0.159216 0.502934 0.967738 1.341807 0.595076 1.901081 0.628976 0.092605 
0.149696 0.482642 -1.108732 1.613924 0.589607 0.236768 0.632948 1.164865 
0.152907 0.503673 -1.102395 1.396592 -1.289770 0.920622 0.632388 -0.956184 
0.141509 0.497042 0.833309 1.313937 0.519146 -0.626363 0.631780 1.806272 
0.156368 0.478692 0.943300 -1.837415 -0.823504 -1.300298 0.621239 -1.197339 
0.148763 0.514661 -0.822656 -1.808112 1.630791 1.170301 0.622370 1.741119 
0.142999 0.485104 -0.478585 -0.873477 -1.057852 -0.259859 0.625566 1.035581 
0.156279 0.511376 -0.510539 -1.673086 0.964899 -0.130051 0.617311 1.257796 
0.152467 0.493179 1.146882 -1.877317 -0.435112 -0.516967 0.628574 -0.319476 
0.151993 0.506044 -0.384132 -0.292027 1.547194 1.588516 0.623140 1.648831 
0.141715 0.489409 0.056299 0.387692 -0.599773 2.096459 0.625602 -0.550020 
0.167202 0.503543 1.174707 -1.017242 0.874177 1.785997 0.621326 -0.791468 
0.156758 0.487924 1.874906 0.384434 1.522736 1.868966 0.634900 -1.542813 
0.152497 0.499701 -0.797753 -0.109744 1.364788 1.718057 0.641786 -1.067525 
0.145371 0.493012 1.407978 0.094538 1.446225 2.036342 0.635308 0.747278 
0.146654 0.489384 1.348099 -1.006710 0.469923 -1.247149 0.643821 1.418337 
0.154793 0.484389 1.944573 1.654440 -0.253120 2.088115 0.621865 0.752317 
0.147999 0.497467 0.869037 -1.763659 -0.441977 0.245017 0.636512 -0.686289 
0.143530 0.505507 0.843073 -0.934417 -0.814126 1.246107 0.618887 -1.606986 
0.172171 0.500306 1.586947 -1.428448 -0.873327 2.261803 0.629085 -0.858343 
0.150685 0.498786 1.456997 0.754385 0.557692 1.647810 0.632644 -1.505539 
0.146021 0.485350 2.023233 -1.877991 0.156226 1.201624 0.634556 1.494054 
0.157484 0.489279 2.062408 -1.945178 -1.350104 0.187218 0.623806 -1.605655 
0.159453 0.484810 0.570085 -1.650824 -0.847097 0.716529 0.640700 1.319991 
0.149428 0.486868 -0.235191 -1.804121 0.433470 2.174971 0.639199 -1.204134 
0.153935 0.499714 1.915837 1.487288 0.389584 -0.992610 0.627332 1.831781 
0.141348 0.493639 0.636771 1.057276 1.268118 -0.249482 0.628408 0.466348 
0.144144 0.508590 1.746520 1.636088 -1.174282 -0.806214 0.628898 0.671876 
0.157193 0.490088 2.187649 -1.011613 0.624441 -0.714788 0.632258 -1.277589 
0.140668 0.499742 0.678138 1.254729 1.067524 2.030497 0.624957 1.245550 
0.158733 0.499728 1.691305 -0.386247 1.061805 -0.291936 0.649674 -0.228720 
0.139357 0.500208 0.565619 -0.751809 0.365791 0.469859 0.638993 0.203312 
0.152657 0.483487 1.684381 0.120566 -1.052018 1.447024 0.614829 1.540345 
0.154168 0.495922 -0.995812 1.337010 0.469564 0.364859 0.631239 0.576415 
0.163832 0.503631 0.350352 1.085242 -1.272614 -0.136660 0.630601 -0.869190 
0.154029 0.486839 1.286579 1.247762 -1.075386 1.920298 0.636955 1.281886 
0.163945 0.491931 1.080349 0.195669 1.557281 -0.853630 0.643253 -0.283630 
0.146561 0.500893 0.803467 1.576204 0.019490 1.054506 0.645906 1.058511 
0.146430 0.501306 0.145517 0.856551 -0.730374 -1.265909 0.630415 -0.948576 
0.140248 0.513855 -0.263406 -1.158064 -0.474899 1.165863 0.626595 -1.670343 
0.137672 0.499614 -0.053419 0.330061 0.609097 0.958848 0.617278 0.032187 
0.147705 0.494496 1.916511 -1.653620 -0.528564 -0.248509 0.638790 0.312724 
0.148743 0.502690 -0.121614 -0.241891 0.107931 1.825439 0.632043 1.209218 
0.154571 0.509315 -1.111843 -1.360215 1.130317 0.482557 0.635896 1.135870 
0.147137 0.498805 -0.561491 -0.982675 -0.289824 1.249209 0.629752 -0.391449 
0.146986 0.486399 -0.174058 -1.374375 0.154880 -0.633899 0.633643 0.630151 
0.148062 0.501923 -0.143474 1.089933 -0.726371 -0.182793 0.620988 0.499397 
0.165967 0.500917 -0.566923 -0.966393 0.659921 -1.297807 0.637543 0.176881 
0.154085 0.498049 1.114359 0.352148 -1.439450 -1.143477 0.646524 -0.423131 
0.154868 0.490323 -0.228004 -1.689857 -1.146388 0.369381 0.618909 0.835762 
0.158886 0.494207 0.321277 -0.897803 -0.514883 0.200689 0.635711 -1.283148 
0.157599 0.498907 -1.101096 0.630649 1.016538 -0.293546 0.654673 0.907510 
0.154069 0.506741 -0.151522 -1.727182 0.230632 1.428118 0.627216 -1.270538 
0.155751 0.498504 0.380156 -0.317624 -0.011056 2.129023 0.628698 -1.402664 
0.142923 0.498690 -0.546473 1.521019 1.504434 -0.737111 0.621671 1.450732 
0.139212 0.478582 0.578450 0.468152 -1.246707 2.292268 0.628873 1.724563 
0.165152 0.504464 1.598216 -1.377151 1.033076 0.660338 0.631883 0.461018 
0.134459 0.487584 -0.586035 0.348249 -0.140617 -1.324951 0.625154 -0.038599 
0.155342 0.516001 1.742150 -0.463083 -1.214666 1.719478 0.618935 0.029877 
0.148782 0.487985 1.113461 1.202155 1.343061 0.456593 0.617204 -0.753356 
0.164460 0.494252 -1.114558 -1.116321 1.506473 -0.253314 0.633762 -1.425130 
0.159513 0.484497 -0.574528 -0.643449 -1.375865 2.146026 0.649149 -0.834753 
-1.353466 -1.126205 0.989149 -1.942930 1.179842 2.351207 -0.173672 -1.153168 
0.086393 1.800914 0.169187 0.787415 1.442131 2.117478 0.997869 0.972171 
0.704413 -0.441261 0.319572 0.763445 -0.868537 1.370505 1.439135 -1.358627 
1.265528 -0.328905 -1.078400 -1.064735 1.269095 -0.766528 -0.799125 0.402322 
-1.690996 -0.341983 0.563722 1.715759 -0.816119 2.406667 -0.342599 -1.602091 
1.857187 0.941588 -0.107808 -0.649506 -1.302242 0.211599 -1.271903 -0.862845 
-1.121623 0.382355 -0.753483 0.400860 0.902307 0.569400 0.707347 1.603347 
1.467399 -0.331207 -0.667876 -0.764945 1.422110 -0.058722 -0.082219 1.118910 
-1.076155 0.855473 0.916241 -1.102972 1.367900 0.286939 -1.170108 0.437418 
0.470462 0.282264 0.676725 -1.219173 1.020494 1.161417 0.425560 -0.347363 
-0.174897 1.764772 -0.164699 -1.241946 -1.008944 -0.488938 -1.521365 0.530508 
0.517377 0.277480 -0.149104 -1.894330 1.240794 -0.024305 -0.368425 -0.674941 
0.923100 -0.363240 -0.525865 -1.244794 -1.033211 -0.511514 -0.530835 1.664002 
-1.644855 0.411387 1.570337 -1.357344 -0.121998 -0.968358 1.490393 0.484625 
-0.826497 0.996597 -0.510238 0.122187 -1.018969 -0.805306 0.941166 -1.586532 
0.150463 -1.007515 -1.033108 1.756852 1.501166 0.577759 -1.717017 0.669209 
-0.023702 1.863240 -0.469429 -1.920954 0.303897 -0.344844 0.077904 -1.137510 
-0.266340 0.952031 -0.570378 0.122305 1.132261 -0.836694 1.536848 -1.129769 
-0.460548 0.785601 1.564929 0.588068 1.428196 -0.582773 0.053620 0.560815 
0.263200 -0.578458 0.577423 -1.278412 -0.751579 0.003741 -1.000141 -1.557686 
-0.057740 -1.052083 -0.167186 -0.285588 0.563932 2.325521 0.724669 -0.936138 
1.488759 1.263299 0.830157 1.244836 -1.181406 1.857343 0.284988 0.044212 
1.075871 -1.427600 -0.559440 -0.111931 1.267451 1.142314 -0.350687 -0.818680 
-1.842494 -1.150392 1.473738 0.281777 0.083589 -0.582018 0.255636 -0.414761 
-0.057804 -0.632386 0.070688 0.313427 0.043004 1.357222 -1.043900 0.626927 
-1.655579 -1.195704 0.792051 0.405181 1.564986 -0.837614 -1.607298 -0.065935 
0.585894 0.035056 1.950802 -0.619131 -0.674223 -0.233842 -0.882783 1.338040 
1.431564 0.887643 0.920334 0.478156 0.669492 -1.292416 0.534681 0.613551 
1.158635 -1.053318 1.646456 -0.093921 0.846033 1.662115 -0.150611 -0.369567 
1.667320 -1.110214 -0.384900 1.148280 0.892781 0.293848 -0.561948 -0.276869 
0.297418 -0.409567 -0.234492 -1.103135 1.498899 -1.046043 -1.126684 -0.170043 
-1.118587 -0.505008 -0.241289 -1.125573 1.483497 -1.040398 -0.042450 0.734482 
-1.126497 2.008295 -0.239039 -1.125249 1.481728 -1.068295 -0.609055 0.179015 
1.195216 -1.581352 -0.218142 -1.111103 1.484765 -1.046864 -1.327651 0.844032 
-1.606291 -1.316200 -0.234528 -1.109889 1.503629 -1.061213 1.573530 0.118317 
-0.237684 1.556495 -0.233144 -1.141456 1.502313 -1.050597 -0.387424 -1.020196 
-1.112019 -1.414025 -0.242365 -1.136891 1.490849 -1.047711 -1.004441 -0.350105 
0.633197 2.106348 -0.243651 -1.102500 1.478671 -1.045608 -0.497550 -1.044321 
-0.020352 1.162192 -0.229382 -1.139498 1.491388 -1.048880 0.865577 -0.686322 
-1.774057 1.973620 -0.238995 -1.123838 1.492326 -1.043048 1.023569 1.730057 
-0.523845 -1.282004 -0.224011 -1.113557 1.485733 -1.059611 0.364156 0.433207 
-0.693095 -0.293578 -0.250666 -1.124151 1.494711 -1.045478 -0.572488 -1.352069 
0.248588 2.145338 -0.235788 -1.098708 1.489276 -1.048362 -0.871836 1.484342 
1.729928 -0.353386 -0.254343 -1.132023 1.488408 -1.059109 0.200985 -1.058116 
1.636218 0.571667 -0.237227 -1.121982 1.500813 -1.057646 0.267973 -0.958985 
1.664692 1.298186 -0.230541 -1.115960 1.481078 -1.043783 -0.729346 1.792993 
1.537226 1.581300 -0.232632 -1.133830 1.481083 -1.026261 0.110200 -0.512365 
-1.779992 1.989401 -0.245938 -1.122116 1.465642 -1.064083 -0.150193 -0.935274 
0.378729 -0.197085 -0.246336 -1.118212 1.485798 -1.041439 0.488898 0.223412 
0.312593 0.899088 -0.261649 -1.137351 1.477989 -1.057728 1.393349 0.881546 
0.075763 1.088025 -0.243761 -1.124203 1.491988 -1.032815 0.773095 1.553906 
0.376611 1.285763 -0.235372 -1.114244 1.483987 -1.052622 0.750875 1.102262 
0.171224 -0.764117 -0.232978 -1.122467 1.496225 -1.043892 -0.010177 -0.467265 
-1.423889 1.226542 -0.236547 -1.118718 1.498667 -1.059637 0.380074 0.248242 
0.247990 -1.571584 -0.254526 -1.146231 1.501644 -1.047848 -1.531319 0.464525 
-1.234839 1.551879 -0.249239 -1.131649 1.490142 -1.022282 -0.648231 -0.985220 
1.628633 2.082307 -0.236306 -1.136525 1.482700 -1.059630 -1.286767 -0.669636 
-1.334783 1.430697 -0.233536 -1.128187 1.483357 -1.037317 0.037540 -1.550166 
-0.995556 2.048666 -0.231951 -1.135004 1.509401 -1.055957 0.952970 -0.895052 
1.702725 0.156699 -0.242620 -1.144339 1.487746 -1.040636 1.289893 0.075261 
-1.532356 -0.356335 -0.247906 -1.120843 1.488979 -1.053212 -1.394853 -1.396368 
-1.536363 -1.596811 -0.236469 -1.109022 1.483457 -1.053760 1.316270 -1.505364 
-1.361029 -1.603344 -0.245022 -1.126167 1.507112 -1.043468 0.824779 0.269558 
0.265856 1.469607 -0.232784 -1.130620 1.469944 -1.050517 0.032484 0.026166 
0.481830 -0.138226 -0.234833 -1.128383 1.492490 -1.038389 1.414994 1.709402 
-1.458537 1.330304 -0.220045 -1.129704 1.495453 -1.051305 -1.234717 1.011247 
-1.896763 0.291353 -0.236529 -1.136935 1.498111 -1.054956 0.007898 -0.641161 
-0.296666 1.439836 -0.238929 -1.136988 1.498904 -1.055031 -0.213096 0.627467 
0.802509 1.456022 -0.230667 -1.133867 1.472964 -1.055554 -1.292377 0.380846 
0.101541 -0.535032 -0.225186 -1.113832 1.480604 -1.049850 1.441240 1.248963 
-0.021183 -1.630564 -0.242085 -1.153260 1.467860 -1.051522 -0.735475 1.053532 
-1.934663 1.382505 -0.242020 -1.139313 1.494862 -1.058969 -1.103341 1.813425 
0.843632 -0.400254 -0.235539 -1.135822 1.471039 -1.067084 1.146082 -1.762253 
-1.221553 -0.560566 -0.255729 -1.114892 1.485412 -1.059018 0.403179 0.982014 
0.020585 2.159676 -0.250476 -1.113571 1.485596 -1.034168 -1.394490 1.292706 
-1.740056 -0.228645 -0.243726 -1.130107 1.485287 -1.051633 1.414936 -0.033150 
-1.187860 1.218857 -0.251593 -1.104505 1.483822 -1.041829 0.708846 -1.612402 
0.741591 -0.155534 -0.218815 -1.143799 1.488247 -1.027027 -0.393827 0.707191 
-0.456935 0.150442 -0.222098 -1.109309 1.492930 -1.039641 -1.482586 -1.336598 
1.088090 0.239039 -0.241972 -1.137820 1.489368 -1.064898 -0.939242 -0.423390 
0.037857 -0.391120 -0.237642 -1.121980 1.478947 -1.027431 -0.914247 0.507443 
-1.507132 -1.414112 -0.246262 -1.118208 1.466623 -1.049689 1.108701 1.664543 
1.152791 -1.018181 -0.256176 -1.112806 1.491794 -1.023562 -0.393028 -1.210466 
-0.219262 -0.958079 -0.235119 -1.150097 1.486068 -1.072313 -0.176176 -1.291719 
-0.586144 2.245072 -0.235337 -1.131627 1.480601 -1.052531 -0.647534 0.369743 
1.280606 1.902282 -0.242639 -1.129945 1.501719 -1.056771 -1.116060 0.995626 
-0.679153 1.817517 -0.244260 -1.126787 1.498047 -1.051109 -0.061181 0.735704 
1.351796 -1.231477 -0.251467 -1.144809 1.494101 -1.060709 -0.236388 1.695905 
-1.806183 0.908830 -0.241774 -1.130599 1.479347 -1.028547 -0.746589 -1.376211 
-1.592741 0.314888 -0.232513 -1.141049 1.488669 -1.054402 -0.048703 0.734478 
0.901982 -0.211665 -0.255768 -1.119058 1.496383 -1.052715 -1.182719 1.049004 
-1.264744 2.044666 -0.225245 -1.131545 1.496276 -1.052974 -1.700364 1.153852 
0.489151 0.316529 -0.237087 -1.128345 1.470616 -1.042301 0.517030 -0.964808 
0.086112 -1.083796 -0.237289 -1.130332 1.472280 -1.043584 0.985080 1.065575 
1.089481 -0.981291 -0.254204 -1.135283 1.480694 -1.044987 0.227083 -1.342943 
-1.611278 2.008517 -0.239844 -1.119632 1.489339 -1.048191 0.595793 -0.604446 
-1.396814 2.007807 -0.250714 -1.125355 1.499911 -1.052478 -1.313428 -0.409311 
-0.489442 1.961737 -0.241892 -1.141930 1.473469 -1.052343 1.029029 0.350109 
-0.198888 1.175356 -0.238827 -1.125642 1.492603 -1.034521 -1.551186 1.540392 
0.172104 1.507197 -0.229607 -1.130810 1.468682 -1.044409 -0.624846 0.938537 
-0.358779 -0.083686 -0.220941 -1.106370 1.497718 -1.038763 -0.292483 -0.500869 
-1.175578 0.247787 -0.239599 -1.107730 1.480523 -1.046590 -0.685097 0.778648 
-1.234776 1.322230 -0.240600 -1.108625 1.479587 -1.039440 1.003228 -1.742488 
-1.535400 -0.745519 -0.214813 -1.126845 1.482682 -1.054094 -0.011814 0.513226 
-1.908281 -1.070129 -0.253223 -1.132499 1.492119 -1.050622 0.132238 1.141013 
0.233660 0.604046 -0.240927 -1.106666 1.492412 -1.053336 0.679832 0.729835 
-0.289358 1.118836 -0.236349 -1.130858 1.499109 -1.055668 -0.041792 -0.133926 
-0.904820 -1.594258 -0.234887 -1.113275 1.472910 -1.054275 0.538244 1.542558 
1.266586 2.195378 -0.233234 -1.133392 1.477913 -1.061757 -0.985110 1.195909 
0.594658 -0.073200 -0.246506 -1.118716 1.481135 -1.064509 -1.397662 -0.270437 
1.273982 0.171561 -0.231937 -1.123855 1.505426 -1.050740 0.415609 1.449426 
-0.057863 0.618408 -0.248330 -1.091017 1.479695 -1.061164 -0.610380 -0.024512 
1.857952 -0.941776 -0.225298 -1.135308 1.492650 -1.044420 -1.057828 -0.077295 
-0.391417 0.212929 -0.240215 -1.132469 1.485725 -1.053109 0.040236 1.689684 
-0.827766 1.458962 -0.248888 -1.135254 1.491313 -1.030578 1.142290 0.855212 
-1.536903 -1.386251 -0.246318 -1.101968 1.475569 -1.032205 1.499529 -1.191589 
1.153731 0.904148 -0.233989 -1.105469 1.489445 -1.023213 -0.509715 0.732840 
1.268502 1.517595 -0.242183 -1.123721 1.493485 -1.057288 -0.016675 0.188639 
-0.673355 -0.438138 -0.232092 -1.126399 1.483149 -1.046980 -0.898903 -0.763201 
1.530472 1.921952 -0.227290 -1.120496 1.489504 -1.041039 -0.032458 -0.859323 
-1.848115 1.910846 -0.237274 -1.135261 1.484497 -1.045719 -1.132701 -0.142982 
1.785224 1.816419 -0.261669 -1.131790 1.512076 -1.074750 0.547668 1.047852 
-0.027403 1.572891 -0.235925 -1.117403 1.483574 -1.056897 -0.820939 0.694905 
-0.902921 0.813182 -0.225049 -1.143731 1.492377 -1.048219 1.369842 -1.185064 
1.162485 -0.666091 -0.247451 -1.108661 1.475643 -1.032283 -0.130982 -1.736303 
-1.438306 -0.067942 -0.234763 -1.119401 1.497769 -1.047072 1.422952 0.404575 
1.901524 -0.752204 -0.247891 -1.128855 1.481017 -1.034733 -0.198064 -0.670348 
0.819982 -1.400684 -0.240357 -1.117642 1.466424 -1.055346 -0.819306 0.556906 
1.148071 -1.161200 -0.236749 -1.124980 1.478602 -1.046763 0.455367 0.607790 
-1.661896 0.941536 -0.249025 -1.112661 1.477522 -1.034237 -0.027823 1.150761 
-0.490515 -1.446588 -0.264484 -1.111288 1.486666 -1.032103 1.548789 0.928598 
0.930202 1.055713 -0.247788 -1.127162 1.498291 -1.059317 0.072830 1.737895 
-0.730975 0.132244 -0.235340 -1.123706 1.474637 -1.055038 0.369194 0.846274 
-0.961148 -0.038802 -0.227287 -1.139745 1.471903 -1.054691 -0.711509 -1.636885 
0.050735 0.461477 -0.250343 -1.142071 1.495369 -1.043781 1.469472 -1.354060 
-0.738208 -0.233047 -0.255965 -1.125610 1.501482 -1.049694 1.311603 -0.921849 
-0.228182 1.648896 -0.243289 -1.117625 1.492429 -1.040560 0.355700 -0.538376 
0.602017 1.024973 -0.224548 -1.129615 1.504499 -1.044945 1.216306 0.566617 
-0.312861 1.573310 -0.261212 -1.136072 1.496400 -1.060463 1.600002 1.025188 
1.459470 0.353562 -0.231971 -1.131741 1.484232 -1.043590 0.892874 -1.024506 
-0.912272 -0.265761 1.342990 1.261732 -1.368106 0.841797 1.087959 0.099223 
-1.235860 -0.185812 0.085651 -1.644161 -0.177497 -1.327785 1.188028 -0.758110 
-1.234041 -1.014861 0.604192 0.899867 -1.202723 1.885782 0.514049 0.102587 
0.552703 1.510939 1.094046 -0.380680 0.109647 0.327002 -0.094642 0.094117 
1.701916 -0.043379 1.928666 -0.024297 0.900527 -0.366727 0.276373 -0.135976 
1.182878 1.611863 -0.777553 -0.638809 0.209364 -0.365828 1.126391 0.551926 
1.602231 -0.780211 0.902920 -0.336952 -0.525165 -0.208817 0.670431 1.044630 
1.883945 0.415936 -0.864228 0.208944 -0.800022 1.679450 0.261371 1.700780 
0.030102 0.651235 1.588063 0.527324 -0.253570 0.498783 0.647243 1.649326 
0.249825 -1.493858 1.545968 1.109812 -0.735599 1.611495 -0.940777 0.156331 
-0.943128 -1.470700 1.589218 -1.456465 0.453399 -0.552963 0.491268 -0.723394 
-0.942198 -0.587925 -1.127133 -1.132507 1.401878 -0.330072 -1.621966 -1.049483 
1.586717 -0.230418 0.426154 -1.329568 -1.421680 0.729721 0.028905 0.113161 
1.551021 2.048064 1.775758 -1.863320 -0.143722 0.559575 -1.649142 -0.466533 
-0.642327 -0.818678 0.138148 -1.770618 -1.174063 1.240225 0.446078 -1.365116 
-0.235698 -0.158801 2.011959 0.859910 -1.300308 1.089257 -1.366485 0.713056 
-1.571862 -0.623717 2.162252 -1.460169 0.077756 1.940027 0.374295 1.087650 
-0.238226 0.676164 0.260290 0.363629 -1.085724 1.616504 0.136205 -1.191920 
1.725049 -0.560219 1.221648 -0.128378 -1.048899 0.053383 1.225857 -0.575414 
-0.381311 0.744732 0.471815 -1.533864 1.493986 -1.217161 -1.676927 0.375135 
-0.003232 -0.792578 0.892256 -0.019596 0.248359 1.488656 -1.243894 -1.003343 
1.041583 -0.393873 0.006231 0.126955 0.584579 1.809834 1.448152 0.096241 
1.451931 1.382212 1.169272 -1.042518 1.413087 -0.577185 0.764157 -1.319036 
-0.424831 -0.142647 0.335468 -1.055398 0.894242 -0.268319 0.171939 0.443360 
1.541467 0.515167 -0.934955 -0.892236 -1.290677 1.401451 -0.671467 1.014572 
-1.787064 2.165116 -0.713015 1.519736 -0.267361 1.154675 -0.271568 -0.989994 
0.393506 1.459860 0.347028 0.345648 0.858074 -1.081523 1.281854 0.745785 
1.461470 1.023838 1.174138 1.300203 -0.995043 1.917614 -0.874213 1.801334 
1.759303 2.077062 1.388414 0.107090 0.403981 0.247209 0.591116 -1.672276 
1.671981 -0.560248 2.126257 0.764364 -0.659378 1.592042 -0.325956 1.227967 
-1.313598 -0.636744 0.608728 0.304837 1.089677 1.250169 -0.215269 -0.376915 
1.519484 -0.750079 0.512439 -0.302729 0.389620 1.923383 -1.629353 0.714493 
0.606967 1.615283 -0.825406 1.238555 0.704495 -0.867139 -1.316166 -0.969551 
-0.643240 -0.359620 -0.828022 1.479942 -0.793620 0.997175 0.098198 -0.466665 
-1.346365 1.325022 -0.130520 0.193535 -0.920428 0.434072 -0.886375 0.278835 
-0.540573 -1.638183 1.585342 1.129475 1.608463 -1.066475 -0.008483 -0.295860 
-0.993279 1.591038 -0.170865 -1.538563 0.513799 1.108401 -1.043205 1.173491 
-1.681695 -1.171535 -0.735037 -0.335723 1.424760 -0.120364 -0.809734 -0.487289 
-0.236753 0.961119 0.137580 1.598898 -0.986175 0.144459 0.168789 1.628685 
1.822692 0.693522 0.507057 -0.357275 0.487344 2.434802 0.140218 0.357188 
-1.492111 1.149854 0.906164 -0.030082 1.535869 2.128605 1.024511 0.467145 
1.413263 0.549903 -0.684992 0.584281 1.125019 0.218824 -0.868093 1.694422 
-1.842110 -1.118731 0.967559 -1.655371 -0.753867 -0.264968 0.417954 -1.739951 
0.379186 -0.141868 0.821507 -1.097719 -0.086717 -1.217555 0.585465 1.812159 
-0.340725 -1.201732 1.387609 1.142635 1.471692 1.371925 1.571032 -0.425106 
0.190069 -1.421737 -0.442019 0.224762 0.573658 1.723958 -0.204915 -0.514341 
0.328469 0.943400 -0.243219 0.466723 1.465543 -1.168444 0.250167 -1.494630 
-0.547850 -1.398697 -0.254964 1.141585 -0.561044 0.204531 0.818610 -1.345343 
0.569599 -1.505656 0.309612 -1.574604 -0.863039 -0.424503 1.279048 -0.292853 
0.215738 1.947891 1.178814 0.443034 1.179414 2.127180 -0.683173 -0.071664 
1.810056 2.214182 -0.098622 -1.076906 -1.341591 1.875883 1.436731 0.265292 
1.317350 1.457096 0.945465 1.306513 -0.619391 0.093787 -1.132976 1.709790 
0.049497 -1.038429 0.503659 1.358622 -0.950896 0.513464 -0.919406 -0.371156 
0.464484 1.527419 1.033633 -0.427537 -0.251158 0.622020 0.506173 0.645395 
0.666399 0.288154 0.044172 1.651710 -0.889805 -1.179580 1.047991 1.597601 
1.014394 1.263780 0.206401 -0.203708 -1.000861 0.170536 0.279057 0.751034 
-0.099766 0.476776 0.551521 -0.578555 0.303585 -0.809190 0.256779 0.377759 
-0.892829 -0.214994 0.561997 1.279536 1.401446 -0.358279 -1.277409 0.594777 
1.303473 1.086237 1.891472 1.688136 -0.191632 0.476739 0.662863 1.141850 
1.589573 1.303470 -1.099269 1.481258 -0.274105 -0.534621 -1.711126 -1.044036 
1.115109 -1.273171 1.374076 0.501930 -0.530090 -0.120122 -0.774929 -0.194455 
1.353420 1.284361 0.641177 -0.444715 -1.288314 0.373115 1.263050 0.510828 
1.250591 -1.554825 2.134221 1.143983 -1.405209 -0.679606 -1.513156 -1.655563 
1.009695 0.084736 0.234306 -0.198405 0.218479 0.234583 -1.476098 -1.365270 
1.352018 0.230855 1.880553 0.011529 -0.095048 -1.257254 0.630323 1.647905 
0.033120 0.856888 1.441870 -0.638855 0.386818 1.741869 -1.044585 0.131940 
-1.002930 -0.584870 -0.452982 -0.076523 -0.429980 1.207035 -0.113651 -1.029425 
-0.537749 -1.245684 0.016121 0.883363 -0.533753 -0.614754 0.725725 0.764167 
-1.729040 -0.547280 1.441999 -0.373837 1.269721 0.143583 1.347297 0.728545 
1.315807 0.749392 0.473167 -0.445794 0.441780 0.780374 0.161001 -0.988327 
-0.166346 0.947946 -0.121046 -0.048232 -1.142010 -0.372461 1.606253 0.806479 
0.924958 0.143750 -0.969456 0.622333 -0.979393 0.165552 0.762895 -1.160521 
1.178311 1.769551 0.901713 1.685340 -0.619501 -0.838039 1.360805 -0.420671 
-0.986648 2.009883 1.825552 -1.867203 -0.534099 -1.186787 -0.516927 1.604538 
0.146065 1.111630 -0.243948 -1.021518 0.887688 2.288501 0.741040 -1.610490 
-0.853653 0.798644 2.129612 -1.914955 1.567498 1.379470 -0.751072 -0.141625 
-1.856321 1.928203 -0.672379 -1.603900 -0.694960 1.683841 -1.553255 -1.175354 
-1.361169 1.568876 -1.175954 1.647137 -0.876226 -0.027510 0.159902 1.201583 
0.170327 -0.858470 0.425455 -0.906195 0.292805 0.538690 -0.844381 -0.489024 
1.447775 1.475988 0.061257 -1.077579 1.120475 1.730159 1.505068 -0.198839 
1.163853 0.460688 0.391450 0.305224 -1.408022 0.921159 -1.456499 0.962574 
0.382989 1.751618 1.891680 -0.862918 0.481814 0.947287 0.514073 1.404924 
-0.154870 -0.624637 1.178416 -1.368605 -0.432602 -1.197724 -0.179952 -0.064971 
-1.513594 -0.100994 0.494333 -0.970074 -0.189035 1.814936 1.484521 -1.080922 
1.303768 -1.186299 1.223082 -1.609620 -1.223613 -0.309388 0.566168 -1.078868 
1.424902 -1.085773 -0.514186 0.303813 -0.631650 1.607435 0.222782 -0.247276 
-1.287465 -0.511202 -0.989800 0.152849 -0.393358 1.286798 -0.685763 0.430141 
-0.336966 0.507310 2.041171 0.819066 0.043000 -1.138126 0.128548 1.308264 
-0.151769 0.799978 -0.371705 -1.502239 -0.115648 0.245920 1.498816 -0.016444 
0.576811 -1.643623 1.319828 0.413372 -0.743027 0.905213 1.004848 -0.403131 
-0.562488 -0.920630 -0.447765 -1.207306 -1.168544 1.164026 -1.168847 -0.931098 
-1.835245 -0.394861 0.002901 -0.789581 0.054544 1.024131 -1.601960 -0.021469 
0.554593 -1.358956 0.098239 -1.828509 1.471418 1.194287 0.426582 -1.003260 
-0.362170 2.243248 2.179685 -1.571925 1.650101 2.366868 -0.704354 0.170527 
0.174272 -1.398701 -0.734001 -0.339249 -0.946316 2.151023 -1.372280 -1.204265 
0.088323 1.851036 -0.388972 -0.550102 -0.035140 -0.877981 1.496553 -0.099372 
0.565910 -1.316975 0.461372 1.045312 1.218408 0.457308 0.934580 -1.311249 
0.815732 0.160377 1.111042 0.750999 -0.406619 -0.933746 -0.565111 -0.844308 
-0.507405 1.942457 -0.806451 1.587791 1.210681 0.071614 0.148926 -1.176577 
0.898531 -1.631466 1.035549 1.069160 -0.125839 1.814953 -0.252825 0.563545 
-0.209799 1.050798 -1.139031 -0.550378 0.197047 -0.287764 0.386848 1.186184 
-0.203933 1.057485 1.943238 0.112489 -0.314139 0.633285 -0.494214 -1.222768 
-0.199424 1.054500 -1.055420 0.708775 1.525456 1.389130 1.527324 -0.250660 
-0.198445 1.054345 1.857490 0.113831 -1.124314 -0.045889 -0.636323 -1.108521 
-0.206958 1.061361 1.224064 -0.603056 -1.211017 1.380921 -0.233995 -0.486007 
-0.206707 1.059616 -0.870082 -0.871871 -0.513381 1.642179 -0.069525 0.778366 
-0.203579 1.061539 -0.019504 -1.128767 -0.473269 -0.445894 1.455811 -0.532501 
-0.207566 1.060252 -0.443801 1.495178 0.841462 -0.910194 0.671159 1.146635 
-0.200333 1.064499 -0.379102 -1.563932 -0.228564 -0.922508 -1.435631 1.152432 
-0.202324 1.050219 1.574980 -0.899736 -0.511822 -0.021227 0.264875 -1.228443 
-0.205666 1.061473 -0.488150 -1.546798 0.079959 0.220741 0.148614 -0.654565 
-0.207615 1.053231 0.624001 -1.296114 0.449606 0.447012 -0.597946 -1.234453 
-0.204123 1.051770 -1.101494 1.442162 -0.157472 1.315925 -0.823197 0.140899 
-0.205826 1.057684 1.694614 -0.354067 -0.219976 -0.804708 -0.787844 1.009083 
-0.208575 1.054847 0.146057 -0.278363 1.611654 1.921723 0.996014 0.761609 
-0.216809 1.055997 -0.185742 -0.610133 0.728089 -0.640619 0.747347 0.370994 
-0.203488 1.062743 1.518819 -1.840643 1.114225 1.790144 0.266289 1.493416 
-0.204731 1.054167 1.053048 0.604482 -0.861375 0.771590 0.285970 -0.233077 
-0.207488 1.057030 0.824045 0.786384 0.539845 0.361463 -1.254359 0.647359 
-0.203847 1.058014 0.649670 1.194528 -1.064655 -0.143391 -1.181951 -0.938358 
-0.217995 1.063127 -0.894379 -0.986711 -0.899688 1.186688 0.358569 -1.363909 
-0.202995 1.055501 -0.935704 1.174532 -0.006583 -1.004694 -0.751024 -0.213856 
-0.202628 1.047041 -0.228154 1.189080 1.177740 1.391095 0.123138 -0.661824 
-0.205966 1.053743 0.197671 -1.836312 1.587378 0.406775 1.550827 1.025243 
-0.212140 1.061993 0.650057 0.806183 1.088676 0.126828 -1.279659 -1.042333 
-0.206578 1.056431 0.690714 1.041655 0.469183 -0.799644 1.102709 -1.090649 
-0.209131 1.061628 -1.147834 -1.117768 1.075278 0.716444 -0.155806 -1.756800 
-0.206678 1.050395 0.502256 -1.050258 -1.045615 0.835725 -1.461890 1.033575 
-0.200702 1.066406 1.024234 0.173789 -0.352802 0.497159 -0.262062 1.331543 
-0.206655 1.054552 -0.130692 0.623585 -0.460568 0.648851 0.130435 1.263160 
-0.197686 1.058083 1.298832 1.381239 -0.218012 0.180046 -1.375406 1.485343 
-0.198706 1.052717 -0.640835 -0.717018 -1.224621 1.193226 -0.860712 0.690689 
-0.208750 1.050554 -0.097055 -0.190039 -1.030231 -0.386159 -0.458628 -0.274807 
-0.207959 1.059449 -0.957468 -1.746511 -0.093251 -0.113017 -0.550452 0.005965 
-0.207855 1.056072 0.923640 1.720444 0.099507 1.449157 1.084071 0.512904 
-0.203895 1.058022 0.233042 -1.863148 -0.300835 1.688411 0.092518 0.776200 
-0.210495 1.052720 1.876971 0.406346 0.236330 -0.215569 0.327453 1.142364 
-0.204754 1.049152 -1.186026 0.976769 1.262801 -0.634381 -0.487266 -0.899396 
-0.203890 1.056311 -0.944650 1.419815 0.103756 -0.568236 -1.328084 0.185629 
-0.210995 1.055397 1.985060 -1.447313 -0.932486 -1.244942 1.017330 1.847670 
-0.208922 1.053063 -1.125284 0.878180 -0.836551 2.203453 -0.060773 -0.196638 
-0.207807 1.053540 1.383511 -0.118136 -0.611722 1.516251 -1.215719 -0.255686 
-0.199854 1.053460 -0.138747 -1.076197 0.133084 -0.086273 0.916355 1.251625 
-0.206600 1.052677 1.141069 0.028208 0.472896 0.775506 -1.298400 -1.411248 
-0.202534 1.061397 0.460800 -1.045726 -1.269411 0.812172 -1.443457 -0.726269 
-0.202362 1.060068 -0.088145 -0.912362 0.799866 0.173674 0.520041 0.231200 
-0.204370 1.055567 -1.151357 0.116113 -1.272587 -1.287146 1.423965 -1.038496 
-0.213761 1.055770 2.157248 -1.827031 -1.058387 1.726128 1.353293 -0.555350 
-0.213080 1.056956 1.847039 -1.661525 1.272915 -0.779916 -1.213481 1.158307 
-0.211022 1.052204 1.345660 0.729203 1.603214 -0.110700 0.653233 -0.135197 
-0.208144 1.058530 -0.845978 0.490154 0.751271 -0.520763 -1.238626 -1.320685 
-0.209619 1.064875 0.139447 1.154258 0.617230 -0.019747 0.892793 -1.675264 
-0.208230 1.055895 0.149369 0.176525 0.522949 -0.789700 -0.372658 -1.158123 
-0.207895 1.057316 0.581052 -0.325811 -0.252958 -0.471224 -0.218130 1.825174 
-0.202192 1.058343 -0.801064 1.562433 -1.322443 -1.121897 0.559865 1.390800 
-0.200688 1.051419 0.256937 1.204070 0.308343 1.814916 -0.429601 1.386623 
-0.205767 1.059558 1.262150 -1.759753 -1.340322 1.370091 -0.880968 -0.146150 
-0.202767 1.057555 -0.089360 1.316566 -1.012416 1.984041 1.113077 0.426205 
-0.208072 1.061483 1.860154 -1.412027 -1.023977 2.297205 -1.001211 0.096973 
-0.201292 1.050405 -0.351858 -0.264708 -0.894439 2.255854 -1.248618 0.103216 
-0.205709 1.056265 0.711145 1.507791 0.171270 1.485306 0.758374 0.538977 
-0.203372 1.055714 0.673002 -0.501492 0.759405 1.042880 -0.493775 -1.076271 
-0.201049 1.058486 -1.111524 1.294305 -0.211212 0.671102 -1.670986 -1.331183 
-0.208306 1.061476 0.506961 -1.188263 0.014756 -0.366331 -1.206013 -1.105510 
-0.206667 1.054607 0.296232 -1.858958 -0.418065 -0.688065 0.001375 1.271310 
-0.205315 1.060079 0.100354 0.110967 1.503798 1.855473 1.534259 1.599456 
-0.204018 1.048471 1.521511 0.379432 -0.770163 1.485727 1.138221 0.901283 
-0.213735 1.052623 0.220629 1.054533 -1.110382 0.771590 -1.266602 1.751174 
-0.202398 1.051888 -0.150372 -0.365067 -1.438959 -1.231378 0.286502 0.646922 
-0.210493 1.048306 2.094368 0.844594 0.444417 -0.519960 -0.639951 1.047051 
-0.890160 -1.471055 1.144857 1.659531 -0.237180 0.072512 -1.220860 -0.924628 
0.229608 0.314828 -0.548293 1.751142 1.082028 1.584793 0.014880 1.708808 
-1.194220 0.678417 0.728994 0.973444 1.486512 -0.020674 -1.556149 0.777855 
0.652051 -1.486323 0.965533 -1.313448 -0.672238 0.561798 1.610019 0.831846 
0.923253 1.684078 0.644389 -0.195044 -1.327166 0.213936 -0.824746 -1.489619 
1.594635 -0.827766 -0.303956 -1.257118 -1.161063 0.866442 1.040777 -1.174292 
-0.568025 1.960256 0.314543 -1.049772 -0.494263 0.069819 0.569001 -1.104362 
1.604829 -0.422185 0.892224 -0.527902 1.586507 0.488106 0.861728 0.348433 
-0.927597 2.195996 0.572712 0.366968 1.079359 1.784270 -1.703206 1.456948 
0.611587 -0.564606 -1.019693 0.011891 0.187693 -0.851123 1.021500 1.123657 
-1.896815 -0.584358 -0.226272 1.269765 -0.031281 0.564715 0.935142 -1.671619 
-1.457560 1.527995 1.718791 0.303884 -1.104152 2.161761 -0.603226 0.820222 
1.210092 2.078053 -0.567595 -1.540731 0.194238 0.270592 -0.569275 -0.026069 
0.553757 -0.137786 1.127521 1.318995 -0.595521 1.515155 -0.292817 -1.263369 
0.325569 1.346728 -0.619595 -0.489513 -0.037207 0.787901 -0.772174 0.376038 
0.671294 1.045636 -0.507007 1.603831 -1.077545 0.911769 -0.764399 1.112003 
1.261161 2.014536 2.031707 -1.193279 1.289668 0.409195 1.277457 -0.562293 
0.556292 -1.203229 1.498698 0.273026 -0.082947 1.495779 1.261034 -0.774489 
1.417256 -1.562231 1.699138 -1.544526 0.698286 1.831458 -1.157501 -1.622883 
1.713549 0.870170 1.312467 1.678181 1.151675 1.961259 -0.356550 -0.226528 
1.344555 0.022022 1.812884 0.109587 -0.538589 2.195083 -1.520356 -0.419855 
1.328612 1.263772 -0.818770 0.123386 -0.510562 -0.736382 -1.530054 -0.424638 
1.325173 0.670534 0.075466 0.103119 -0.515903 0.658986 -1.553121 -0.442051 
1.337086 0.308808 1.776599 0.081143 -0.508302 0.027859 -1.513594 -0.431292 
1.323733 1.720954 1.440293 0.131770 -0.505508 1.995477 -1.547120 -0.447087 
1.317274 0.943959 -0.088099 0.093563 -0.521643 0.324104 -1.525668 -0.433210 
1.372675 -0.815534 1.637615 0.094137 -0.533099 2.027781 -1.552641 -0.422767 
1.338377 -0.750232 1.252183 0.079815 -0.526954 -0.669603 -1.504040 -0.424651 
1.329989 -0.494037 0.375918 0.102471 -0.515249 0.275660 -1.512481 -0.420344 
1.319272 0.869907 -0.679568 0.085735 -0.507286 2.058023 -1.539201 -0.431969 
1.340122 0.702028 0.785522 0.079041 -0.491867 2.408138 -1.517997 -0.419360 
1.319829 1.401027 -0.193961 0.116148 -0.537109 0.540625 -1.520055 -0.438623 
1.329727 -0.493539 -1.073575 0.118428 -0.519762 2.252945 -1.520482 -0.433423 
1.322373 0.845668 -0.373172 0.093023 -0.505193 0.980178 -1.549578 -0.411565 
1.305215 0.984516 2.162434 0.114112 -0.510089 -0.172498 -1.528241 -0.419218 
1.338718 -0.184972 0.739627 0.120215 -0.512558 -0.028140 -1.528266 -0.449845 
1.377370 1.552709 0.899003 0.110091 -0.505295 0.277384 -1.542694 -0.458492 
1.350262 -0.497704 1.920600 0.097889 -0.513551 2.035131 -1.517054 -0.424322 
1.357983 1.746725 -0.608025 0.127085 -0.520599 -0.469306 -1.539800 -0.428095 
1.354440 1.344843 1.183987 0.088226 -0.503093 1.969318 -1.522577 -0.453696 
1.347255 0.015276 1.825400 0.120591 -0.498409 0.047079 -1.561834 -0.432736 
1.349018 -1.360696 0.572731 0.091554 -0.500634 -0.320734 -1.534746 -0.424736 
1.335090 0.431898 0.135075 0.107369 -0.501843 1.323456 -1.523156 -0.451564 
1.361190 1.241415 0.296302 0.101399 -0.495713 2.342633 -1.534589 -0.439718 
1.339506 1.478584 -1.049638 0.069306 -0.516013 2.262531 -1.541407 -0.421702 
1.338320 -0.822951 1.145582 0.114127 -0.528072 1.496810 -1.540619 -0.465093 
1.334414 1.829606 1.112351 0.078296 -0.498087 -0.828277 -1.517514 -0.404775 
1.352126 1.208906 1.343544 0.115287 -0.529898 0.786557 -1.539842 -0.471541 
1.343038 1.683134 2.054739 0.088420 -0.517558 2.361367 -1.534741 -0.449628 
1.366095 0.774338 -1.034251 0.072872 -0.521065 1.757225 -1.549931 -0.424888 
